finger1_BaseJoint finger1_MidJoint finger2_BaseJoint finger2_MidJoint finger3_BaseJoint finger3_MidJoint brick_translate_y_joint brick_translate_z_joint brick_revolute_x_joint
0.010091849762548959699 0.0640839648861033645 0.30405993360620148236 -0.15969730167763801498 0.13790266202938181173 0.13399716860619964587 0.0088672981313271271447 -0.0051292164953195057073 -0.22867301457631494799
0.010091849762548959699 0.0640839648861033645 0.30405993360620148236 -0.15969730167763801498 0.13790266202938181173 0.13399716860619964587 0.0088672981313271271447 -0.0051292164953195057073 -0.22867301457631494799
-0.0051349117718733888055 0.062791675252547057839 0.4114305251444534961 -0.11618585016570186219 0.086788170558613791927 0.11793018658730744508 0.024257828377647821377 -0.01062277060490549388 -0.39348058744417629962
0.048663692482033372999 0.087273877834949026289 0.39342282939200085012 -0.12259637359760740261 0.096570360396953089377 0.12242171095960055482 0.021520433199236171234 -0.0097519023891988482894 -0.36810792328529484685
0.10246611298060838424 0.11175572919657957016 0.37557073145726671548 -0.12889832769756098818 0.1056030227788911785 0.12653978151854206047 0.018882383761341169776 -0.008880048326966314895 -0.34225829806807944733
0.15580924452942740421 0.13595189510159094715 0.35703571888458973671 -0.13543896978452782398 0.11427917483066789284 0.13041308642463619871 0.016224598686702972061 -0.00796354649511084485 -0.3146927113482731464
0.19253696880338050379 0.1516749216634702413 0.33177338887038854143 -0.14476628335450072993 0.12520460624719789711 0.13448472712669387596 0.012722856899907760558 -0.0066831634539141586415 -0.27574831639783486947
0.21395987011621250828 0.15966871390823997312 0.30149447587867195253 -0.15607948850012431929 0.13650028302432887228 0.13794742938272400168 0.0087517912543795192692 -0.005109237862864227965 -0.22733670959810658996
0.23538604354597592039 0.16766000833093386291 0.27163583177852135275 -0.16708162926257921765 0.14536045790185417315 0.14021501481267592548 0.0051083618056706279337 -0.0035198604047035719593 -0.17799054713100020964
0.25681371072551673063 0.17565299950041343702 0.2422211804173552141 -0.17775605455839013636 0.15176412256375781951 0.14129187731242079384 0.0017994032077424035581 -0.0019166557791301455649 -0.12786544558720994158
0.15040239774883312762 0.12420601252589395791 0.21517863322732841413 -0.18923682987241843834 0.15697903049078776316 0.13811064863020561244 -0.0010467047098264531217 -0.00035635372003393976084 -0.079300239592087831686
0.15040239774883312762 0.12420601252589395791 0.21517863322732841413 -0.18923682987241843834 0.15697903049078776316 0.13811064863020561244 -0.0010467047098264531217 -0.00035635372003393976084 -0.079300239592087831686
0.080678898778735019803 0.26054913902954901506 0.26282879793985847172 -0.31115894860358578322 0.071285017661870397898 0.30080207845546153012 -0.00065985943060068742976 -0.00027566591093459768885 -0.046237959424673055753
0.0065401544124881333397 0.39202206166907704876 0.30394259979471427435 -0.43279821560146114479 -0.019997632029987083557 0.45809128286145789355 -8.3872098301356284942e-05 -0.0002467899464150820712 0.010227417474641451942
-0.072389041280994104177 0.51556447017074202854 0.33549174837169859487 -0.55265166727366166199 -0.11877363413658779956 0.60634448948255659229 0.00077065269269880015517 -0.00018148908159495657729 0.094139486974188502089
-0.15679835592036911462 0.62398235221854636556 0.35099205378123377042 -0.6665841770148477341 -0.22856082626179652362 0.7374998076116030532 0.002074750959500117585 5.1362822576384225485e-05 0.21521236477349678373
-0.24566100375420521496 0.6926929163896627939 0.33257202208001779287 -0.75695600675177754368 -0.35383199552658306519 0.82623463085434589726 0.0041909197428481393191 0.00061404636391206685823 0.3994952029035719332
-0.30520289484028662041 0.63061862508497446012 0.23988112065842867593 -0.73253906807533819556 -0.45943095693772739718 0.79007304111259912816 0.0068783949476982041149 0.0011063393607377226997 0.65846265469783393787
-0.30520289484028662041 0.63061862508497446012 0.23988112065842867593 -0.73253906807533819556 -0.45943095693772739718 0.79007304111259912816 0.0068783949476982041149 0.0011063393607377226997 0.65846265469783393787
-0.43662117795820154509 0.62888867946967641487 0.16967069894196498692 -0.84639384933693873059 -0.51546390999786495524 0.8514498211850194398 -0.00086067139647230076361 -0.0039574946512433524168 0.86387482200678700206
-0.49375123004258070214 0.6111121421346724647 0.2444147811794993852 -0.82253472383695003245 -0.51653710687750153951 0.85185451689626434657 -0.0060302137437470973089 -0.0061106296319700199524 0.96226580767763658653
-0.5536250919938480175 0.58934259124016830089 0.31915970513647318185 -0.79867599694471569372 -0.50559428460104272052 0.85502495928936639302 -0.012701618569538846229 -0.0085381563755638160279 1.057438341882271704
-0.57996310933957950784 0.56522185678281622323 0.41915970513647315965 -0.71916100109473313218 -0.48367987445137650138 0.82150879160829393122 -0.016566951396304072791 -0.0092473590376164118559 1.1186788038288335567
-0.50674311851849795918 0.54849617775585080004 0.51640302070321797423 -0.59269466275469262495 -0.47185036038498956446 0.72227476877011831391 -0.0090353452446175694379 -0.0054528528103752020584 1.0701876166390138501
-0.41270310817055771979 0.5283295103823425487 0.55920227578307513117 -0.48163428571577959758 -0.45211287595438676146 0.61884354005264352594 -0.00025814019578122209073 -0.001093379845992075881 0.98468321156922289372
-0.29480679174121238173 0.49812379288026759072 0.45920227578307509786 -0.43737467109636080087 -0.41765675985312028518 0.52398665729847659911 0.0085970835410366097662 0.0036566951696060329483 0.85085044421744537857
-0.29480679174121238173 0.49812379288026759072 0.45920227578307509786 -0.43737467109636080087 -0.41765675985312028518 0.52398665729847659911 0.0085970835410366097662 0.0036566951696060329483 0.85085044421744537857
-0.32899081189149403937 0.48201720259207936348 0.44349476101913209991 -0.44743479191636059689 -0.42376929942635971349 0.52255257982066516398 0.0059010711858173969802 0.0021305739993408099459 0.91909489159815549453
-0.35464453860329919754 0.4553378828248135779 0.41959115845723732319 -0.44315706208917587938 -0.41925447965311823939 0.50377137267943605803 0.0031865017795776563389 0.00086919984955612778193 0.98313011462049926248
-0.37105343162620230135 0.42309845223919484436 0.39182461042886723712 -0.42777973850341788342 -0.40699352746955569371 0.473191167909288668 0.00074747047620524317748 -6.8952843496971081899e-05 1.0376288108520088649
-0.38026871672806283886 0.38857927152797183679 0.3629969966175289886 -0.40522777978229179707 -0.39013844570706207593 0.43583030002910189138 -0.0013573168387988169842 -0.00075295223922441044655 1.0828495227880481355
-0.38426200042419450531 0.35324641095141784408 0.33434154181090791624 -0.37800560944199673719 -0.37061694847125775665 0.39450527501079452053 -0.0031579317162147681544 -0.0012587006932629157905 1.1204376984955566332
-0.38439551896167412082 0.31771899352643040437 0.30636628808186611161 -0.34754844649776844845 -0.34950132504540842859 0.35070036259210246588 -0.004695544188726308299 -0.001640844025239159747 1.1518332455751385535
-0.38156929432845448913 0.28226901152209193935 0.2792856195713060985 -0.31470570023229932355 -0.32740826996308441954 0.30523807221653886934 -0.0060045265209346110336 -0.0019361754963144273221 1.1780814976684532702
-0.37638751998687985934 0.24702336501624264087 0.25319344494134338186 -0.28001033573878708616 -0.3047158816367270262 0.25861075934907473695 -0.007110824533636119632 -0.0021696417199599383856 1.1999162946163113297
