-0.27761 0.94797 0.2815 -0.061329 -1.2137 0.20103
-0.26967 0.91018 0.40514 -0.059317 -1.4087 0.28773
-0.13385 0.94111 0.4007 0.018657 -1.4618 0.28906
0.0019615 0.97133 0.39629 0.096633 -1.5149 0.29028
0.13266 1.0314 0.35739 0.16927 -1.5456 0.27312
0.18583 1.111 0.26529 0.1944 -1.5272 0.22557
0.1903 1.1524 0.17282 0.19183 -1.5022 0.17463
0.19477 1.1552 0.088021 0.18928 -1.4877 0.12516
0.11695 1.1111 0.0047299 0.14019 -1.4673 0.075153
0.11695 1.1111 0.0047299 0.14019 -1.4673 0.075153
-0.02531 1.1223 -0.067022 0.27584 -1.7185 0.20499
-0.16635 0.86505 -0.14226 0.35689 -1.7954 0.27154
-0.24017 0.58769 -0.20464 0.41717 -1.6061 0.28559
-0.2854 0.34853 -0.26124 0.47225 -1.3306 0.28711
-0.31402 0.13511 -0.31052 0.52478 -1.0146 0.28487
-0.33355 -0.065053 -0.35014 0.57474 -0.67712 0.28275
-0.33355 -0.065053 -0.35014 0.57474 -0.67712 0.28275
-0.48919 -0.030842 -0.39864 0.51879 -0.71945 0.30747
-0.62813 0.046148 -0.38946 0.46793 -0.72697 0.36116
-0.76661 0.15684 -0.31237 0.4156 -0.70165 0.44922
-0.74318 0.12092 -0.14045 0.44307 -0.6929 0.53058
-0.6697 0.049437 -0.0189 0.49133 -0.69382 0.56946
-0.59517 -0.0088776 0.10265 0.5382 -0.68601 0.60835
-0.47047 -0.065246 0.066356 0.58949 -0.66534 0.54708
-0.47047 -0.065246 0.066356 0.58949 -0.66534 0.54708
-0.51599 -0.116 -0.018629 0.59886 -0.86737 0.64057
-0.5456 -0.032073 -0.10977 0.59672 -1.0028 0.73961
-0.57053 0.051847 -0.20557 0.59644 -1.1383 0.83514
-0.58878 0.14817 -0.30508 0.59709 -1.2663 0.9275
-0.5999 0.25691 -0.40781 0.59896 -1.3868 1.0168
-0.60502 0.36565 -0.51443 0.6034 -1.5074 1.1022
-0.57084 0.64812 -0.53575 0.57942 -1.3901 1.162
-0.57084 0.64812 -0.53575 0.57942 -1.3901 1.162
-0.59488 0.60271 -0.57248 0.53228 -1.3309 1.0868
-0.60426 0.54992 -0.59106 0.48793 -1.2502 1.0004
-0.60352 0.49277 -0.59596 0.44633 -1.1578 0.91009
-0.59592 0.43298 -0.5908 0.40685 -1.0585 0.81876
-0.58364 0.37152 -0.57802 0.36887 -0.95474 0.72766
-0.56812 0.30897 -0.55926 0.33192 -0.84796 0.63731
-0.55037 0.24571 -0.53562 0.29561 -0.73896 0.54794
-0.53113 0.18199 -0.50791 0.25968 -0.62828 0.45966
