finger1_BaseJoint finger2_BaseJoint finger3_BaseJoint brick_revolute_x_joint finger1_MidJoint finger2_MidJoint finger3_MidJoint 
0.7650069447129985 0.6765564344613065 0.24937653592778639 -0.6478211916450246 -1.0815832660629097 -0.7448111322823014 0.18475473971669903
0.05014829375418328
0 2 3
0.7676267166890892 0.6796378597328974 0.2410100944814179 -0.6378408048065263 -1.0918024960120372 -0.7565975200666046 0.24314404422769076
0.10029658750836656
0 2 -1
0.7702464886651799 0.6827192850044881 0.2326436530350494 -0.6278604179680278 -1.1020217259611647 -0.7683839078509078 0.3015333487386825
0.15044488126254985
0 2 -1
0.7728662606412706 0.6858007102760789 0.22427721158868094 -0.6178800311295295 -1.112240955910292 -0.7801702956352111 0.3599226532496742
0.20059317501673313
0 2 -1
0.7754860326173614 0.6888821355476697 0.21591077014231247 -0.6078996442910312 -1.1224601858594194 -0.7919566834195143 0.41831195776066593
0.2507414687709164
0 2 -1
0.7780343589422309 0.6917755144603397 0.190488816507469 -0.5966964388518068 -1.1334875980662484 -0.8041258412157332 0.46810913690818295
0.3008897625250997
0 2 -1
0.7805826852671004 0.6946688933730096 0.16506686287262554 -0.5854932334125824 -1.1445150102730774 -0.8162949990119519 0.5179063160556999
0.351038056279283
0 2 -1
0.7831310115919699 0.6975622722856795 0.13964490923778206 -0.574290027973358 -1.1555424224799065 -0.8284641568081708 0.567703495203217
0.40118635003346625
0 2 -1
0.7856793379168394 0.7004556511983494 0.11422295560293859 -0.5630868225341337 -1.1665698346867355 -0.8406333146043896 0.617500674350734
0.45133464378764954
0 2 -1
0.7879233130557934 0.7029356594095848 0.08729906293298653 -0.5512385904089031 -1.1777436973112305 -0.8524395173504487 0.6664532730815498
0.5014829375418328
0 2 -1
0.7901672881947475 0.7054156676208203 0.06037517026303448 -0.5393903582836725 -1.1889175599357258 -0.8642457200965077 0.7154058718123655
0.5516312312960161
0 2 -1
0.7924112633337014 0.7078956758320558 0.03345127759308243 -0.5275421261584421 -1.2000914225602208 -0.8760519228425668 0.7643584705431813
0.6017795250501994
0 2 -1
0.7946552384726554 0.7103756840432912 0.006527384923130374 -0.5156938940332115 -1.2112652851847159 -0.8878581255886259 0.8133110692739971
0.6519278188043827
0 2 -1
0.7965249791677996 0.7124207114035859 -0.022812295805557443 -0.5031290527835908 -1.2225848368888994 -0.8993292579977867 0.8607634125081642
0.702076112558566
0 2 -1
0.7983947198629437 0.7144657387638805 -0.05215197653424526 -0.49056421153397 -1.233904388593083 -0.9108003904069475 0.9082157557423313
0.7522244063127492
0 2 -1
0.800264460558088 0.7165107661241752 -0.08149165726293309 -0.47799937028434925 -1.2452239402972665 -0.9222715228161082 0.9556680989764983
0.8023727000669325
0 2 -1
0.8021342012532322 0.7185557934844699 -0.1108313379916209 -0.4654345290347285 -1.25654349200145 -0.9337426552252691 1.0031204422106654
0.8525209938211158
0 2 -1
0.8035369870934679 0.720130417820584 -0.14350355647533541 -0.45208998440055004 -1.2679804759928028 -0.9448762524664149 1.048231108918357
0.9026692875752991
0 2 -1
0.8049397729337037 0.721705042156698 -0.17617577495904996 -0.4387454397663716 -1.2794174599841557 -0.9560098497075609 1.0933417756260484
0.9528175813294824
0 2 -1
0.8063425587739395 0.7232796664928121 -0.2088479934427645 -0.42540089513219315 -1.2908544439755085 -0.9671434469487067 1.1384524423337397
1.0029658750836656
0 2 -1
0.8077453446141751 0.7248542908289262 -0.24152021192647902 -0.4120563504980147 -1.3022914279668614 -0.9782770441898525 1.1835631090414311
1.053114168837849
0 2 -1
0.8085629527345176 0.7259109113213608 -0.2788706582597889 -0.39790127354954286 -1.313768888248849 -0.9890284337320981 1.2247953672101572
1.1032624625920322
0 2 -1
0.8093805608548601 0.7269675318137954 -0.3162211045930988 -0.38374619660107095 -1.3252463485308366 -0.9997798232743438 1.2660276253788836
1.1534107563462155
0 2 -1
0.8101981689752027 0.72802415230623 -0.3535715509264087 -0.36959111965259905 -1.3367238088128242 -1.0105312128165895 1.30725988354761
1.2035590501003988
0 2 -1
0.8110157770955452 0.7290807727986646 -0.3909219972597186 -0.3554360427041272 -1.3482012690948117 -1.021282602358835 1.348492141716336
1.253707343854582
0 2 -1
0.8111126272909918 0.7295647267160855 -0.43486987391812243 -0.3406558614057912 -1.359460301990076 -1.0314568430862057 1.3828245929128584
1.3038556376087653
0 2 -1
0.8112094774864385 0.7300486806335065 -0.4788177505765263 -0.32587568010745516 -1.37071933488534 -1.041631083813576 1.417157044109381
1.3540039313629486
0 2 -1
0.811306327681885 0.7305326345509275 -0.5227656272349301 -0.3110954988091191 -1.381978367780604 -1.0518053245409464 1.4514894953059034
1.404152225117132
0 2 -1
0.8114031778773316 0.7310165884683485 -0.566713503893334 -0.29631531751078305 -1.393237400675868 -1.061979565268317 1.4858219465024258
1.4543005188713152
0 2 -1
0.810743494335515 0.7309291445567947 -0.6194362722250661 -0.2820948572972757 -1.4033532080621214 -1.070839836158241 1.5068664598768193
1.5044488126254985
0 2 -1
0.8100838107936984 0.7308417006452409 -0.6721590405567983 -0.26787439708376826 -1.4134690154483747 -1.0797001070481649 1.5279109732512128
1.5545971063796817
0 2 -1
0.8094241272518818 0.7307542567336871 -0.7248818088885305 -0.25365393687026083 -1.4235848228346277 -1.0885603779380886 1.5489554866256066
1.604745400133865
0 2 -1
0.8087644437100652 0.7306668128221333 -0.7776045772202627 -0.23943347665675346 -1.433700630220881 -1.0974206488280125 1.57
1.6548936938880483
0 2 -1
0.8093986083389487 0.73076678325344 -0.850845470219055 -0.2525065224372404 -1.4244274272153177 -1.0893080584937618 1.5480090082485924
1.7050419876422316
0 2 -1
0.8100327729678323 0.7308667536847467 -0.9240863632178473 -0.2655795682177273 -1.4151542242097541 -1.0811954681595113 1.5260180164971846
1.7551902813964149
0 2 -1
0.8106669375967157 0.7309667241160535 -0.9973272562166396 -0.2786526139982143 -1.4058810212041908 -1.0730828778252608 1.5040270247457768
1.8053385751505981
0 2 -1
0.8113011022255993 0.7310666945473602 -1.070568149215432 -0.29172565977870124 -1.3966078181986274 -1.06497028749101 1.4820360329943691
1.8554868689047814
0 2 -1
0.8109920168215706 0.7302270828747952 -1.056147796352589 -0.3132134372856815 -1.3800782337825483 -1.049948107855625 1.4444711635642826
1.9056351626589647
0 2 -1
0.810682931417542 0.7293874712022301 -1.041727443489746 -0.33470121479266185 -1.3635486493664692 -1.0349259282202397 1.4069062941341959
1.955783456413148
0 2 -1
0.8103738460135134 0.728547859529665 -1.027307090626903 -0.3561889922996422 -1.34701906495039 -1.0199037485848543 1.3693414247041094
2.0059317501673313
0 2 -1
0.8100647606094847 0.7277082478571001 -1.01288673776406 -0.37767676980662246 -1.3304894805343108 -1.0048815689494692 1.3317765552740228
2.0560800439215146
0 2 -1
0.8083971008358638 0.7257670480844349 -0.9933927848599738 -0.39706465829721616 -1.3142361464392538 -0.989305548143098 1.2961889868348004
2.106228337675698
0 2 -1
0.806729441062243 0.7238258483117699 -0.9738988319558877 -0.41645254678780985 -1.2979828123441968 -0.9737295273367268 1.2606014183955783
2.156376631429881
0 2 -1
0.805061781288622 0.7218846485391048 -0.9544048790518014 -0.4358404352784036 -1.2817294782491397 -0.9581535065303556 1.225013849956356
2.2065249251840644
0 2 -1
0.8033941215150011 0.7199434487664397 -0.9349109261477152 -0.4552283237689973 -1.2654761441540827 -0.9425774857239844 1.1894262815171337
2.2566732189382477
0 2 -1
0.8006792494567133 0.7169699320672244 -0.9154179125030589 -0.4733776182754511 -1.2491099302096151 -0.9259718730204194 1.1538410153996852
2.306821512692431
0 2 -1
0.7979643773984255 0.713996415368009 -0.8959248988584027 -0.49152691278190486 -1.2327437162651478 -0.9093662603168545 1.1182557492822367
2.3569698064466142
0 2 -1
0.7952495053401378 0.7110228986687936 -0.8764318852137464 -0.5096762072883587 -1.2163775023206802 -0.8927606476132897 1.082670483164788
2.4071181002007975
0 2 -1
0.79253463328185 0.7080493819695783 -0.8569388715690901 -0.5278255017948125 -1.2000112883762126 -0.8761550349097247 1.0470852170473395
2.457266393954981
0 2 -1
0.7890172422196167 0.7041130529184927 -0.8374459926017537 -0.5447518329628235 -1.1837131696940204 -0.8585699554060446 1.011503693319186
2.507414687709164
0 2 -1
0.7854998511573833 0.700176723867407 -0.8179531136344174 -0.5616781641308345 -1.1674150510118282 -0.8409848759023646 0.9759221695910327
2.5575629814633474
0 2 -1
0.7819824600951499 0.6962403948163213 -0.7984602346670809 -0.5786044952988455 -1.151116932329636 -0.8233997963986845 0.9403406458628794
2.6077112752175307
0 2 -1
0.7784650690329166 0.6923040657652356 -0.7789673556997445 -0.5955308264668565 -1.1348188136474437 -0.8058147168950045 0.904759122134726
2.657859568971714
0 2 -1
0.7744985088687146 0.687642139032992 -0.7470151073947418 -0.6107335235203996 -1.1192786758481175 -0.7879197046324568 0.8740449990893423
2.708007862725897
0 2 -1
0.7705319487045127 0.6829802123007485 -0.7150628590897389 -0.6259362205739426 -1.103738538048791 -0.770024692369909 0.8433308760439586
2.7581561564800805
0 2 -1
0.7665653885403108 0.6783182855685048 -0.683110610784736 -0.6411389176274856 -1.0881984002494645 -0.7521296801073611 0.8126167529985749
2.808304450234264
0 2 -1
0.7625988283761088 0.6736563588362612 -0.6511583624797332 -0.6563416146810287 -1.0726582624501382 -0.7342346678448134 0.7819026299531913
2.867893815479296
0 2 2
0.7588510089739442 0.7006474732945869 -0.6542357039266928 -0.6685588833069408 -1.0595027794685608 -0.7497527847485246 0.794107334522191
2.9274831807243284
0 -1 2
0.7551031895717797 0.7276385877529126 -0.6573130453736524 -0.6807761519328529 -1.0463472964869833 -0.7652709016522357 0.8063120390911905
2.987072545969361
0 -1 2
0.7513553701696152 0.7546297022112383 -0.6603903868206119 -0.692993420558765 -1.0331918135054061 -0.7807890185559467 0.8185167436601901
3.046661911214393
0 -1 2
0.7476075507674506 0.781620816669564 -0.6634677282675715 -0.7052106891846771 -1.0200363305238287 -0.7963071354596579 0.8307214482291898
3.1062512764594254
0 -1 2
0.7429846666254083 0.7959268306985552 -0.6662175885410005 -0.7184025630237373 -1.0050993849305943 -0.8177219104569209 0.84288512225693
3.165840641704458
0 -1 2
0.7383617824833661 0.8102328447275464 -0.6689674488144295 -0.7315944368627975 -0.9901624393373596 -0.8391366854541839 0.8550487962846702
3.22543000694949
0 -1 2
0.7337388983413239 0.8245388587565375 -0.6717173090878585 -0.7447863107018576 -0.9752254937441251 -0.8605514604514468 0.8672124703124106
3.2850193721945224
0 -1 2
0.7291160141992816 0.8388448727855288 -0.6744671693612876 -0.7579781845409178 -0.9602885481508906 -0.8819662354487098 0.8793761443401508
3.344608737439555
0 -1 2
0.723905407004624 0.8531510831752086 -0.6766646759261395 -0.7710803170230951 -0.9446133154910844 -0.9033814410621425 0.8905390354293369
3.404198102684587
0 -1 2
0.7186947998099663 0.8674572935648885 -0.6788621824909915 -0.7841824495052723 -0.9289380828312781 -0.9247966466755752 0.9017019265185229
3.4637874679296194
0 -1 2
0.7134841926153086 0.8817635039545684 -0.6810596890558435 -0.7972845819874496 -0.9132628501714719 -0.9462118522890078 0.912864817607709
3.523376833174652
0 -1 2
0.708273585420651 0.8960697143442482 -0.6832571956206954 -0.8103867144696268 -0.8975876175116657 -0.9676270579024405 0.9240277086968951
3.582966198419684
0 -1 2
0.7024979739843307 0.9103169308772268 -0.6849434597357267 -0.8232867517053547 -0.8812171437050604 -0.9890726476765868 0.9342197138111288
3.6425555636647164
0 -1 2
0.6967223625480105 0.9245641474102053 -0.6866297238507579 -0.8361867889410826 -0.8648466698984552 -1.0105182374507329 0.9444117189253625
3.7021449289097488
0 -1 2
0.6909467511116902 0.9388113639431838 -0.6883159879657892 -0.8490868261768103 -0.8484761960918499 -1.0319638272248792 0.9546037240395963
3.761734294154781
0 -1 2
0.6851711396753699 0.9530585804761623 -0.6900022520808204 -0.8619868634125382 -0.8321057222852446 -1.0534094169990253 0.9647957291538299
3.8213236593998134
0 -1 2
0.6787532966756042 0.9643237171193737 -0.6912379961045947 -0.874769189366139 -0.8148060292162869 -1.0761726861093182 0.9741849110634994
3.8809130246448458
0 -1 2
0.6723354536758386 0.975588853762585 -0.6924737401283689 -0.8875515153197399 -0.7975063361473291 -1.098935955219611 0.9835740929731687
3.940502389889878
0 -1 2
0.6659176106760728 0.9868539904057964 -0.6937094841521432 -0.9003338412733407 -0.7802066430783713 -1.1216992243299038 0.9929632748828381
4.00009175513491
0 -1 2
0.6594997676763071 0.9981191270490077 -0.6949452281759174 -0.9131161672269416 -0.7629069500094136 -1.1444624934401966 1.0023524567925075
4.059681120379943
0 -1 2
0.6524950326474891 1.0045992606071321 -0.695756285395325 -0.9255626869089013 -0.744812845174861 -1.168895030868388 1.0108694788373174
4.119270485624975
0 -1 2
0.645490297618671 1.0110793941652563 -0.6965673426147325 -0.9380092065908611 -0.7267187403403084 -1.1933275682965796 1.0193865008821272
4.178859850870007
0 -1 2
0.638485562589853 1.0175595277233804 -0.6973783998341402 -0.9504557262728208 -0.7086246355057558 -1.2177601057247711 1.027903522926937
4.23844921611504
0 -1 2
0.631480827561035 1.0240396612815048 -0.6981894570535477 -0.9629022459547806 -0.6905305306712033 -1.2421926431529626 1.036420544971747
4.298038581360072
0 -1 2
0.6242981409365176 1.0167867261643244 -0.6986088040290892 -0.9742978457346553 -0.6726186650433954 -1.2690849882493258 1.0437128564930682
4.357627946605104
0 -1 2
0.6171154543120001 1.009533791047144 -0.6990281510046308 -0.9856934455145299 -0.6547067994155876 -1.2959773333456892 1.0510051680143893
4.417217311850137
0 -1 2
0.6099327676874826 1.0022808559299636 -0.6994474979801723 -0.9970890452944046 -0.6367949337877798 -1.3228696784420526 1.0582974795357103
4.476806677095169
0 -1 2
0.6027500810629652 0.9950279208127834 -0.6998668449557137 -1.0084846450742793 -0.618883068159972 -1.3497620235384158 1.0655897910570316
4.536396042340201
0 -1 2
0.5979250310511982 0.9724477253409621 -0.6999763777114699 -1.0154554953516803 -0.607139006948904 -1.3667064067911836 1.069823977670659
4.595985407585234
0 -1 2
0.5930999810394311 0.9498675298691409 -0.7000859104672261 -1.0224263456290816 -0.595394945737836 -1.3836507900439512 1.0740581642842866
4.655574772830266
0 -1 2
0.588274931027664 0.9272873343973197 -0.7001954432229823 -1.0293971959064827 -0.5836508845267682 -1.4005951732967188 1.0782923508979139
4.715164138075298
0 -1 2
0.583449881015897 0.9047071389254985 -0.7003049759787385 -1.0363680461838838 -0.5719068233157002 -1.4175395565494866 1.0825265375115414
4.774753503320331
0 -1 2
0.5790622431371883 0.8783939103274356 -0.7003126251060864 -1.042269683193548 -0.5613947761961546 -1.4301332485260299 1.0859813887515772
4.834342868565363
0 -1 2
0.5746746052584797 0.8520806817293728 -0.7003202742334342 -1.0481713202032126 -0.550882729076609 -1.442726940502573 1.089436239991613
4.893932233810395
0 -1 2
0.570286967379771 0.82576745313131 -0.7003279233607822 -1.054072957212877 -0.5403706819570633 -1.4553206324791166 1.092891091231649
4.953521599055428
0 -1 2
0.5658993295010624 0.7994542245332471 -0.70033557248813 -1.0599745942225414 -0.5298586348375177 -1.4679143244556598 1.0963459424716848
5.01311096430046
0 -1 2
0.5617138164078677 0.7706231710196805 -0.7002776618051632 -1.0652383950908337 -0.5199602211836797 -1.4744993741818415 1.0993292292247865
5.072700329545492
0 -1 2
0.557528303314673 0.741792117506114 -0.7002197511221964 -1.070502195959126 -0.5100618075298415 -1.4810844239080232 1.102312515977888
5.132289694790525
0 -1 2
0.5533427902214781 0.7129610639925474 -0.7001618404392295 -1.0757659968274182 -0.5001633938760035 -1.4876694736342049 1.1052958027309896
5.191879060035557
0 -1 2
0.5491572771282834 0.6841300104789808 -0.7001039297562626 -1.0810297976957106 -0.49026498022216547 -1.4942545233603866 1.1082790894840913
5.251468425280589
0 -1 2
0.5448622469765969 0.6547534810843676 -0.6999918586784384 -1.08607726097364 -0.4802235427283266 -1.496274481719648 1.111054464538451
5.311057790525622
0 -1 2
0.5405672168249103 0.6253769516897545 -0.6998797876006142 -1.0911247242515691 -0.4701821052344878 -1.4982944400789096 1.1138298395928108
5.370647155770654
0 -1 2
0.5362721866732236 0.5960004222951413 -0.69976771652279 -1.0961721875294985 -0.4601406677406489 -1.500314398438171 1.1166052146471703
5.430236521015686
0 -1 2
0.5319771565215371 0.5666238929005281 -0.6996556454449658 -1.101219650807428 -0.45009923024681003 -1.5023343567974325 1.11938058970153
5.489825886260719
0 -1 2
0.5250188610653876 0.5421266857210234 -0.699390393775139 -1.108671455726506 -0.4340485364118647 -1.4533498718796594 1.1233281915112259
5.549415251505751
0 -1 2
0.5180605656092381 0.5176294785415188 -0.6991251421053122 -1.116123260645584 -0.4179978425769193 -1.404365386961886 1.1272757933209214
5.609004616750783
0 -1 2
0.5111022701530885 0.49313227136201404 -0.6988598904354854 -1.123575065564662 -0.40194714874197396 -1.3553809020441125 1.1312233951306172
5.668593981995816
0 -1 2
0.5041439746969391 0.4686350641825094 -0.6985946387656585 -1.13102687048374 -0.3858964549070286 -1.3063964171263394 1.135170996940313
5.688593981995815
0 1 2
0.5040501940178475 0.46869000084588264 -0.7147394137921944 -1.1311214380316024 -0.38568177604475046 -1.3064401046751741 1.1351235100935968
5.708593981995815
0 1 -1
0.5039564133387557 0.46874493750925594 -0.7308841888187303 -1.131216005579465 -0.3854670971824723 -1.3064837922240087 1.1350760232468804
5.7285939819958145
0 1 -1
0.5038626326596641 0.46879987417262925 -0.7470289638452662 -1.1313105731273274 -0.38525241832019413 -1.3065274797728434 1.135028536400164
5.748593981995814
0 1 -1
0.5037688519805725 0.4688548108360025 -0.7631737388718021 -1.1314051406751897 -0.385037739457916 -1.3065711673216782 1.1349810495534478
5.768593981995814
0 1 -1
0.5036750713014809 0.46890974749937575 -0.779318513898338 -1.1314997082230522 -0.3848230605956378 -1.306614854870513 1.1349335627067316
5.788593981995813
0 1 -1
0.5035812906223893 0.46896468416274906 -0.7954632889248738 -1.1315942757709148 -0.38460838173335965 -1.3066585424193478 1.1348860758600154
5.808593981995813
0 1 -1
0.5034875099432976 0.46901962082612236 -0.8116080639514097 -1.131688843318777 -0.38439370287108154 -1.3067022299681823 1.134838589013299
5.828593981995812
0 1 -1
0.503393729264206 0.4690745574894956 -0.8277528389779456 -1.1317834108666396 -0.3841790240088034 -1.306745917517017 1.1347911021665829
5.875599179844486
0 1 -1
0.508232989998018 0.4661121246676323 -0.8302845565769444 -1.1267105421519439 -0.3953102748458633 -1.3043455015099252 1.1655034212312112
5.92260437769316
0 1 -1
0.5130722507318302 0.46314969184576893 -0.8328162741759433 -1.121637673437248 -0.40644152568292324 -1.3019450855028332 1.1962157402958393
5.969609575541834
0 1 -1
0.5179115114656422 0.46018725902390556 -0.8353479917749422 -1.1165648047225523 -0.41757277651998315 -1.2995446694957413 1.2269280593604677
6.016614773390508
0 1 -1
0.5227507721994542 0.45722482620204224 -0.8378797093739411 -1.1114919360078566 -0.42870402735704305 -1.2971442534886495 1.257640378425096
6.063619971239182
0 1 -1
0.5282931392063004 0.4534762048177991 -0.7995526170330459 -1.1051542773555691 -0.4416073333469509 -1.2939701032831774 1.2852429378794419
6.1106251690878555
0 1 -1
0.5338355062131466 0.44972758343355596 -0.7612255246921508 -1.0988166187032817 -0.45451063933685876 -1.2907959530777051 1.3128454973337875
6.157630366936529
0 1 -1
0.5393778732199929 0.4459789620493128 -0.7228984323512556 -1.0924789600509945 -0.4674139453267666 -1.2876218028722328 1.3404480567881332
6.204635564785203
0 1 -1
0.544920240226839 0.44223034066506967 -0.6845713400103605 -1.0861413013987071 -0.48031725131667447 -1.2844476526667608 1.368050616242479
6.243149013751967
0 1 2
0.570669428243489 0.4484836251383577 -0.6803364964336651 -1.0967641858113641 -0.49847636951001517 -1.2896575865018263 1.3683241109767696
6.281662462718732
-1 1 2
0.5964186162601388 0.45473690961164576 -0.6761016528569699 -1.107387070224021 -0.5166354877033559 -1.294867520336892 1.3685976057110603
6.320175911685496
-1 1 2
0.6221678042767886 0.4609901940849338 -0.6718668092802746 -1.118009954636678 -0.5347946058966967 -1.3000774541719577 1.3688711004453509
6.35868936065226
-1 1 2
0.6479169922934386 0.46724347855822185 -0.6676319657035793 -1.128632839049335 -0.5529537240900374 -1.3052873880070233 1.3691445951796415
6.397202809619024
-1 1 2
0.6527730146681054 0.4733503907384137 -0.6632181723988511 -1.139255723461992 -0.5711128422833781 -1.3099599079267592 1.3689811259117546
6.4357162585857886
-1 1 2
0.6576290370427722 0.47945730291860555 -0.6588043790941229 -1.149878607874649 -0.5892719604767189 -1.3146324278464954 1.3688176566438677
6.474229707552553
-1 1 2
0.662485059417439 0.48556421509879744 -0.6543905857893948 -1.160501492287306 -0.6074310786700596 -1.3193049477662315 1.3686541873759805
6.512743156519317
-1 1 2
0.6673410817921058 0.49167112727898926 -0.6499767924846666 -1.171124376699963 -0.6255901968634003 -1.3239774676859675 1.3684907181080936
6.551256605486081
-1 1 2
0.6728966468067572 0.49763520703661807 -0.6453912899507537 -1.18174726111262 -0.643749315056741 -1.3281317826246661 1.3678906203646508
6.5897700544528455
-1 1 2
0.6784522118214087 0.5035992867942468 -0.6408057874168407 -1.192370145525277 -0.6619084332500819 -1.3322860975633648 1.3672905226212078
6.62828350341961
-1 1 2
0.6840077768360601 0.5095633665518756 -0.6362202848829278 -1.2029930299379339 -0.6800675514434227 -1.3364404125020637 1.3666904248777647
6.666796952386374
-1 1 2
0.6895633418507114 0.5155274463095044 -0.6316347823490149 -1.213615914350591 -0.6982266696367634 -1.3405947274407624 1.3660903271343219
6.705310401353138
-1 1 2
0.6954942366143081 0.5213502755348044 -0.6268838850275671 -1.224238798763248 -0.7163857878301041 -1.344246502680764 1.365052291389266
6.743823850319902
-1 1 2
0.7014251313779047 0.5271731047601045 -0.6221329877061192 -1.2348616831759047 -0.7345449060234448 -1.3478982779207653 1.36401425564421
6.782337299286667
-1 1 2
0.7073560261415015 0.5329959339854045 -0.6173820903846714 -1.2454845675885617 -0.7527040242167856 -1.351550053160767 1.3629762198991542
6.820850748253431
-1 1 2
0.7132869209050982 0.5388187632107044 -0.6126311930632236 -1.2561074520012188 -0.7708631424101263 -1.3552018284007685 1.3619381841540983
6.859364197220195
-1 1 2
0.719617284501526 0.5445001952985904 -0.6077202548596511 -1.2667303364138758 -0.789022260603467 -1.3583636784561048 1.3604591876888792
6.897877646186959
-1 1 2
0.7259476480979539 0.5501816273864764 -0.6028093166560786 -1.2773532208265328 -0.8071813787968078 -1.361525528511441 1.3589801912236603
6.9363910951537235
-1 1 2
0.7322780116943817 0.5558630594743622 -0.5978983784525063 -1.2879761052391898 -0.8253404969901486 -1.364687378566777 1.3575011947584412
6.974904544120488
-1 1 2
0.7386083752908095 0.5615444915622482 -0.5929874402489338 -1.2985989896518468 -0.8434996151834893 -1.3678492286221133 1.3560221982932221
7.013417993087252
-1 1 2
0.745367651225316 0.5670828260587317 -0.5879208089712059 -1.3092218740645039 -0.86165873337683 -1.3705310952940635 1.3540974094645637
7.051931442054016
-1 1 2
0.7521269271598225 0.5726211605552152 -0.582854177693478 -1.3198447584771609 -0.8798178515701708 -1.3732129619660136 1.3521726206359053
7.0904448910207805
-1 1 2
0.758886203094329 0.5781594950516986 -0.5777875464157501 -1.3304676428898177 -0.8979769697635116 -1.3758948286379635 1.3502478318072468
7.128958339987545
-1 1 2
0.7656454790288355 0.5836978295481822 -0.5727209151380223 -1.3410905273024747 -0.9161360879568523 -1.3785766953099137 1.3483230429785884
7.167471788954309
-1 1 2
0.7728693362253278 0.58908994592508 -0.5675018729226429 -1.3517134117151317 -0.934295206150193 -1.380786139367625 1.3459456930657925
7.205985237921073
-1 1 2
0.7800931934218203 0.5944820623019778 -0.5622828307072635 -1.3623362961277885 -0.9524543243435337 -1.3829955834253362 1.3435683431529966
7.244498686887837
-1 1 2
0.7873170506183126 0.5998741786788756 -0.5570637884918841 -1.3729591805404455 -0.9706134425368745 -1.3852050274830474 1.3411909932402009
7.283012135854602
-1 1 2
0.7945409078148049 0.6052662950557735 -0.5518447462765047 -1.3835820649531025 -0.9887725607302152 -1.3874144715407588 1.338813643327405
7.321525584821366
-1 1 2
0.8152644077175011 0.6105077557931284 -0.5464754320637655 -1.3942049493657596 -1.006931678923556 -1.3891568983091904 1.3359748589253893
7.36003903378813
-1 1 2
0.8359879076201971 0.6157492165304835 -0.5411061178510264 -1.4048278337784166 -1.0250907971168968 -1.3908993250776218 1.3331360745233733
7.398552482754894
-1 1 2
0.8567114075228932 0.6209906772678386 -0.5357368036382872 -1.4154507181910736 -1.0432499153102375 -1.3926417518460532 1.3302972901213574
7.4370659317216585
-1 1 2
0.8774349074255894 0.6262321380051936 -0.530367489425548 -1.4260736026037306 -1.0614090335035782 -1.3943841786144848 1.3274585057193418
7.475579380688423
-1 1 2
0.8935920698311555 0.6360046548976942 -0.5196101023274856 -1.446645693023571 -1.0912653418885438 -1.396644279186598 1.3208202628972348
7.514092829655187
-1 1 2
0.9097492322367216 0.6457771717901948 -0.5088527152294233 -1.4672177834434112 -1.1211216502735093 -1.398904379758711 1.314182020075128
7.552606278621951
-1 1 2
0.9259063946422875 0.6555496886826954 -0.4980953281313609 -1.4877898738632516 -1.150977958658475 -1.401164480330824 1.307543777253021
7.5911197275887154
-1 1 2
0.9420635570478536 0.665322205575196 -0.4873379410332985 -1.5083619642830919 -1.1808342670434406 -1.4034245809029373 1.300905534430914
7.62963317655548
-1 1 2
0.958665201064766 0.6796989310017014 -0.4694628008451102 -1.5407713375052412 -1.2245289393456813 -1.4041683579566582 1.2874138109507542
7.668146625522244
-1 1 2
0.9752668450816786 0.6940756564282069 -0.4515876606569219 -1.5731807107273905 -1.268223611647922 -1.4049121350103788 1.2739220874705945
7.706660074489008
-1 1 2
0.991868489098591 0.7084523818547124 -0.43371252046873365 -1.6055900839495398 -1.3119182839501624 -1.4056559120640997 1.2604303639904346
7.745173523455772
-1 1 2
1.0084701331155035 0.7228291072812179 -0.41583738028054534 -1.6379994571716892 -1.355612956252403 -1.4063996891178205 1.246938640510275
7.783686972422537
-1 1 2
1.0234668444174564 0.7361409142723563 -0.3922675194530667 -1.6755865641595045 -1.4092097171893023 -1.3993053755620575 1.221663559730985
7.822200421389301
-1 1 2
1.038463555719409 0.7494527212634947 -0.3686976586255881 -1.7131736711473198 -1.4628064781262016 -1.3922110620062944 1.1963884789516954
7.860713870356065
-1 1 2
1.0534602670213618 0.762764528254633 -0.3451277977981095 -1.750760778135135 -1.5164032390631008 -1.3851167484505313 1.1711133981724058
7.899227319322829
-1 1 2
1.0684569783233147 0.7760763352457715 -0.32155793697063084 -1.7883478851229504 -1.57 -1.3780224348947683 1.145838317393116
7.9377407682895935
-1 1 2
0.9809569783233146 0.7760763352457715 -0.32155793697063084 -1.7883478851229504 -1.57 -1.3780224348947683 1.145838317393116
7.976254217256358
-1 1 2
0.8934569783233146 0.7760763352457714 -0.32155793697063084 -1.7883478851229504 -1.57 -1.3780224348947683 1.1458383173931161
8.014767666223122
-1 1 2
0.8059569783233147 0.7760763352457714 -0.3215579369706309 -1.7883478851229506 -1.57 -1.378022434894768 1.1458383173931161
8.053281115189886
-1 1 2
0.7184569783233147 0.7760763352457714 -0.3215579369706309 -1.7883478851229506 -1.57 -1.378022434894768 1.1458383173931161
8.09179456415665
-1 1 2
0.7030650458072394 0.7718333814355652 -0.329731072414279 -1.7756700791963116 -1.57 -1.3808847463835825 1.155089555517305
8.130308013123415
-1 1 2
0.687673113291164 0.7675904276253591 -0.3379042078579272 -1.7629922732696723 -1.57 -1.3837470578723967 1.164340793641494
8.168821462090179
-1 1 2
0.6722811807750887 0.763347473815153 -0.3460773433015753 -1.750314467343033 -1.57 -1.386609369361211 1.1735920317656832
8.207334911056943
-1 1 2
0.6568892482590134 0.7591045200049469 -0.3542504787452234 -1.737636661416394 -1.57 -1.3894716808500254 1.182843269889872
8.245848360023707
-1 1 2
0.6824322951857942 0.7537739307254039 -0.36285081314406326 -1.72348320318917 -1.551806967535939 -1.3914141418122243 1.191441500213282
8.284361808990472
-1 1 2
0.7079753421125748 0.7484433414458609 -0.3714511475429031 -1.7093297449619462 -1.533613935071878 -1.3933566027744235 1.200039730536692
8.322875257957236
-1 1 2
0.7335183890393555 0.7431127521663179 -0.3800514819417429 -1.6951762867347222 -1.5154209026078171 -1.3952990637366227 1.2086379608601021
8.361388706924
-1 1 2
0.7590614359661363 0.7377821628867749 -0.3886518163405827 -1.6810228285074982 -1.497227870143756 -1.3972415246988217 1.2172361911835121
8.410382114656723
3 1 2
0.7599519345989414 0.7392959907085772 -0.39538221244567473 -1.6850095276656483 -1.4952601158676992 -1.3967243383623056 1.2625380884355366
8.459375522389447
3 1 -1
0.7608424332317466 0.7408098185303795 -0.4021126085507668 -1.6889962268237984 -1.4932923615916427 -1.3962071520257893 1.307839985687561
8.50836893012217
3 1 -1
0.7617329318645518 0.7423236463521818 -0.4088430046558589 -1.6929829259819487 -1.491324607315586 -1.3956899656892732 1.3531418829395856
8.557362337854894
3 1 -1
0.7626234304973569 0.7438374741739842 -0.4155734007609509 -1.6969696251400987 -1.4893568530395291 -1.395172779352757 1.39844378019161
8.606355745587617
3 1 -1
0.7623419792547785 0.7433512137412688 -0.4417210432217999 -1.6956802732180074 -1.4900003294494648 -1.395347453577699 1.4118659526158763
8.65534915332034
3 1 -1
0.7620605280122003 0.7428649533085534 -0.46786868568264894 -1.694390921295916 -1.4906438058594005 -1.395522127802641 1.4252881250401428
8.704342561053064
3 1 -1
0.761779076769622 0.742378692875838 -0.49401632814349794 -1.6931015693738247 -1.4912872822693362 -1.3956968020275833 1.438710297464409
8.753335968785787
3 1 -1
0.7614976255270436 0.7418924324431226 -0.5201639706043469 -1.6918122174517334 -1.4919307586792718 -1.3958714762525253 1.4521324698886753
8.80232937651851
3 1 -1
0.7611657940516667 0.7413285636296627 -0.5476733011485829 -1.6903275670069955 -1.492663336838017 -1.3960638290327854 1.4626357108507002
8.851322784251234
3 1 -1
0.7608339625762899 0.7407646948162028 -0.5751826316928188 -1.6888429165622578 -1.4933959149967624 -1.3962561818130452 1.473138951812725
8.900316191983958
3 1 -1
0.7605021311009131 0.740200826002743 -0.6026919622370548 -1.6873582661175202 -1.4941284931555077 -1.396448534593305 1.4836421927747496
8.949309599716681
3 1 -1
0.7601702996255363 0.739636957189283 -0.6302012927812908 -1.6858736156727823 -1.494861071314253 -1.3966408873735652 1.4941454337367746
8.998303007449405
3 1 -1
0.7598930838206304 0.7391732587962814 -0.6592330448201253 -1.6846609193576372 -1.495452770790491 -1.3967910466471505 1.4994408775821508
9.047296415182128
3 1 -1
0.7596158680157244 0.7387095604032796 -0.6882647968589599 -1.6834482230424919 -1.496044470266729 -1.3969412059207356 1.5047363214275271
9.096289822914851
3 1 -1
0.7593386522108185 0.738245862010278 -0.7172965488977945 -1.6822355267273466 -1.4966361697429673 -1.3970913651943206 1.5100317652729032
9.145283230647575
3 1 -1
0.7590614364059126 0.7377821636172763 -0.746328300936629 -1.6810228304122015 -1.4972278692192054 -1.397241524467906 1.5153272091182795
9.194276638380298
3 1 -1
0.7590614364059088 0.7377821636172714 -0.7758995672292569 -1.6810228304121955 -1.4972278692191956 -1.397241524467901 1.5139322391273429
9.243270046113022
3 1 -1
0.7590614364059052 0.7377821636172667 -0.8054708335218848 -1.6810228304121893 -1.497227869219186 -1.3972415244678964 1.5125372691364065
9.292263453845745
3 1 -1
0.7590614364059014 0.7377821636172619 -0.8350420998145126 -1.6810228304121833 -1.4972278692191763 -1.3972415244678915 1.51114229914547
9.341256861578469
3 1 -1
0.7590614364058976 0.737782163617257 -0.8646133661071405 -1.6810228304121773 -1.4972278692191665 -1.3972415244678866 1.5097473291545334
9.390250269311192
3 1 -1
0.7590614364058975 0.7377821636172569 -0.8924524627057475 -1.6810228304121773 -1.4972278692191663 -1.3972415244678866 1.4992783533657286
9.439243677043915
3 1 -1
0.7590614364058974 0.7377821636172568 -0.9202915593043547 -1.6810228304121773 -1.497227869219166 -1.3972415244678864 1.4888093775769238
9.488237084776639
3 1 -1
0.7590614364058974 0.7377821636172568 -0.9481306559029619 -1.6810228304121773 -1.4972278692191658 -1.3972415244678862 1.4783404017881188
9.537230492509362
3 1 -1
0.7590614364058973 0.7377821636172567 -0.9759697525015689 -1.6810228304121773 -1.4972278692191656 -1.3972415244678862 1.467871425999314
9.586223900242086
3 1 -1
0.7612631445185991 0.7416734356139099 -0.9946944249649591 -1.6914421484101396 -1.4919503332629098 -1.3957464705381935 1.4422867211571615
9.63521730797481
3 1 -1
0.763464852631301 0.7455647076105631 -1.0134190974283492 -1.701861466408102 -1.486672797306654 -1.3942514166085007 1.4167020163150092
9.684210715707533
3 1 -1
0.7656665607440029 0.7494559796072164 -1.0321437698917393 -1.7122807844060641 -1.481395261350398 -1.3927563626788082 1.3911173114728568
9.733204123440256
3 1 -1
0.7678682688567047 0.7533472516038696 -1.0508684423551296 -1.7227001024040265 -1.4761177253941422 -1.3912613087491155 1.3655326066307043
9.78219753117298
3 1 -1
0.7700654541908506 0.7579282470676421 -1.046174049667652 -1.7357982336043287 -1.4688817804718863 -1.3887153921333306 1.3415998646087075
9.831190938905703
3 1 -1
0.7722626395249965 0.7625092425314144 -1.0414796569801745 -1.7488963648046312 -1.4616458355496302 -1.3861694755175455 1.3176671225867107
9.880184346638426
3 1 -1
0.7744598248591426 0.7670902379951868 -1.036785264292697 -1.7619944960049334 -1.4544098906273744 -1.3836235589017605 1.293734380564714
9.92917775437115
3 1 -1
0.7766570101932885 0.7716712334589593 -1.0320908716052193 -1.7750926272052356 -1.4471739457051185 -1.3810776422859756 1.269801638542717
9.978171162103873
3 1 -1
0.7781719427339163 0.7756887879881035 -1.0215903720263404 -1.787564624294258 -1.4396916167396046 -1.377946964665651 1.2476269956906356
10.027164569836597
3 1 -1
0.7796868752745443 0.7797063425172477 -1.0110898724474615 -1.8000366213832804 -1.4322092877740908 -1.3748162870453264 1.2254523528385541
10.07615797756932
3 1 -1
0.7812018078151721 0.783723897046392 -1.0005893728685828 -1.8125086184723025 -1.4247269588085771 -1.3716856094250018 1.2032777099864729
10.125151385302043
3 1 -1
0.7827167403558 0.7877414515755362 -0.990088873289704 -1.8249806155613248 -1.4172446298430632 -1.3685549318046772 1.1811030671343914
10.174144793034767
3 1 -1
0.7836410922749568 0.7911932775659667 -0.9766487570061111 -1.8367196573521376 -1.4096975329514225 -1.3649604338487167 1.1601538514430874
10.22313820076749
3 1 -1
0.7845654441941136 0.7946451035563972 -0.9632086407225182 -1.8484586991429501 -1.4021504360597818 -1.361365935892756 1.139204635751783
10.272131608500214
3 1 -1
0.7854897961132703 0.7980969295468276 -0.9497685244389252 -1.8601977409337629 -1.394603339168141 -1.3577714379367953 1.118255420060479
10.321125016232937
3 1 -1
0.7864141480324272 0.8015487555372581 -0.9363284081553324 -1.8719367827245756 -1.3870562422765003 -1.3541769399808348 1.097306204369175
10.37011842396566
3 1 -1
0.7868582187299371 0.804580949227608 -0.9225994855671114 -1.8833668673816972 -1.3792541454409513 -1.3500542642884321 1.076494471768201
10.419111831698384
3 1 -1
0.7873022894274471 0.8076131429179578 -0.9088705629788905 -1.8947969520388188 -1.371452048605402 -1.3459315885960295 1.055682739167227
10.468105239431107
3 1 -1
0.7877463601249571 0.8106453366083077 -0.8951416403906696 -1.9062270366959406 -1.3636499517698528 -1.3418089129036266 1.0348710065662532
10.51709864716383
3 1 -1
0.7881904308224671 0.8136775302986576 -0.8814127178024486 -1.9176571213530622 -1.3558478549343038 -1.337686237211224 1.0140592739652792
10.566092054896554
3 1 -1
0.7882327184420151 0.8157702046779689 -0.8542083519524506 -1.9264267157413288 -1.3495658312098566 -1.3340932920596038 0.9994973203142125
10.615085462629278
3 1 -1
0.7882750060615631 0.8178628790572802 -0.8270039861024527 -1.9351963101295955 -1.3432838074854092 -1.330500346907984 0.9849353666631457
10.664078870362001
3 1 -1
0.7883172936811111 0.8199555534365915 -0.7997996202524548 -1.943965904517862 -1.337001783760962 -1.326907401756364 0.970373413012079
10.713072278094725
3 1 -1
0.7883595813006592 0.8220482278159028 -0.7725952544024568 -1.9527354989061287 -1.3307197600365148 -1.323314456604744 0.9558114593610123
10.76665478989249
3 1 1
0.7879219373896789 0.8495946474461059 -0.7744554611218077 -1.9663688277032372 -1.3204524750294506 -1.3274299606926752 0.9688083019404448
10.820237301690256
3 -1 1
0.7874842934786984 0.8771410670763091 -0.7763156678411587 -1.9800021565003454 -1.3101851900223864 -1.3315454647806064 0.9818051445198773
10.873819813488021
3 -1 1
0.787046649567718 0.9046874867065122 -0.7781758745605095 -1.9936354852974538 -1.299917905015322 -1.3356609688685377 0.9948019870993099
10.927402325285787
3 -1 1
0.7866090056567376 0.9322339063367153 -0.7800360812798605 -2.0072688140945623 -1.2896506200082578 -1.339776472956469 1.0077988296787423
10.980984837083552
3 -1 1
0.7852849720090034 0.941460139247342 -0.7812916271513715 -2.023704996390636 -1.2764688109490325 -1.3491030800800128 1.021750453782854
11.034567348881318
3 -1 1
0.7839609383612691 0.9506863721579686 -0.7825471730228825 -2.04014117868671 -1.2632870018898072 -1.3584296872035566 1.0357020778869654
11.088149860679083
3 -1 1
0.782636904713535 0.9599126050685951 -0.7838027188943935 -2.056577360982784 -1.250105192830582 -1.3677562943271004 1.0496537019910772
11.141732372476849
3 -1 1
0.7813128710658007 0.9691388379792217 -0.7850582647659045 -2.073013543278858 -1.2369233837713567 -1.3770829014506443 1.0636053260951888
11.195314884274614
3 -1 1
0.7790994246109954 0.9783660299653605 -0.7853415523590224 -2.0896866085894823 -1.2226482837716897 -1.3864096453082833 1.0760586665554168
11.24889739607238
3 -1 1
0.77688597815619 0.9875932219514993 -0.7856248399521402 -2.1063596739001067 -1.2083731837720226 -1.3957363891659222 1.088512007015645
11.302479907870145
3 -1 1
0.7746725317013846 0.9968204139376381 -0.785908127545258 -2.123032739210731 -1.1940980837723556 -1.4050631330235612 1.1009653474758732
11.35606241966791
3 -1 1
0.7724590852465792 1.0060476059237768 -0.7861914151383759 -2.1397058045213555 -1.1798229837726886 -1.4143898768812002 1.1134186879361012
11.409644931465676
3 -1 1
0.7693723852273905 1.0152741681447117 -0.7855716327660245 -2.156421779246934 -1.1645705191150657 -1.423716702707258 1.1243634102719469
11.463227443263442
3 -1 1
0.7662856852082018 1.0245007303656466 -0.784951850393673 -2.1731377539725125 -1.149318054457443 -1.4330435285333156 1.1353081326077925
11.516809955061207
3 -1 1
0.7631989851890131 1.0337272925865815 -0.7843320680213216 -2.1898537286980915 -1.1340655897998202 -1.4423703543593733 1.1462528549436384
11.570392466858973
3 -1 1
0.7601122851698243 1.0429538548075163 -0.7837122856489702 -2.20656970342367 -1.1188131251421973 -1.451697180185431 1.157197577279484
11.623974978656738
3 -1 1
0.7560869019445807 1.0491029046523348 -0.7822391264454773 -2.2235548035904875 -1.102294353613698 -1.4619114958048371 1.1668783967981746
11.677557490454504
3 -1 1
0.7520615187193371 1.0552519544971535 -0.7807659672419843 -2.2405399037573055 -1.0857755820851989 -1.4721258114242435 1.1765592163168654
11.73114000225227
3 -1 1
0.7480361354940934 1.0614010043419722 -0.7792928080384913 -2.2575250039241235 -1.0692568105566997 -1.4823401270436496 1.186240035835556
11.784722514050035
3 -1 1
0.7440107522688498 1.0675500541867906 -0.7778196488349984 -2.274510104090941 -1.0527380390282004 -1.4925544426630557 1.1959208553542466
11.8383050258478
3 -1 1
0.7390653850054536 1.0678199418333754 -0.775564408545194 -2.2915204560832563 -1.035070378803354 -1.5036490782877587 1.2042714141530766
11.891887537645566
3 -1 1
0.7341200177420574 1.0680898294799603 -0.7733091682553896 -2.308530808075571 -1.0174027185785075 -1.5147437139124615 1.2126219729519063
11.945470049443331
3 -1 1
0.7291746504786611 1.068359717126545 -0.7710539279655854 -2.3255411600678864 -0.9997350583536612 -1.5258383495371644 1.220972531750736
11.999052561241097
3 -1 1
0.7242292832152649 1.0686296047731298 -0.768798687675781 -2.3425515120602016 -0.9820673981288147 -1.5369329851618674 1.229323090549566
12.052635073038863
3 -1 1
0.7190258056493926 1.0496633272059688 -0.7661854818227898 -2.3576946945189166 -0.9652776123258391 -1.5451997388714005 1.235695570574914
12.106217584836628
3 -1 1
0.7138223280835201 1.0306970496388077 -0.7635722759697987 -2.372837876977631 -0.9484878265228635 -1.5534664925809336 1.242068050600262
12.159800096634394
3 -1 1
0.7086188505176477 1.0117307720716466 -0.7609590701168076 -2.3879810594363455 -0.9316980407198878 -1.561733246290467 1.2484405306256097
12.213382608432159
3 -1 1
0.7034153729517754 0.9927644945044855 -0.7583458642638164 -2.4031242418950605 -0.9149082549169122 -1.57 1.2548130106509576
12.266965120229925
3 -1 1
0.7012112447725917 0.9694988677595883 -0.7572021047791775 -2.408927486090051 -0.9081784477493411 -1.568648806034012 1.2570012739656906
12.32054763202769
3 -1 1
0.699007116593408 0.9462332410146911 -0.7560583452945385 -2.4147307302850414 -0.9014486405817699 -1.5672976120680242 1.2591895372804238
12.374130143825456
3 -1 1
0.6968029884142242 0.9229676142697939 -0.7549145858098996 -2.4205339744800316 -0.8947188334141988 -1.5659464181020364 1.2613778005951568
12.427712655623221
3 -1 1
0.6945988602350405 0.8997019875248967 -0.7537708263252606 -2.4263372186750223 -0.8879890262466277 -1.5645952241360483 1.2635660639098898
12.481295167420987
3 -1 1
0.6968392638922631 0.8770925053782422 -0.7549332462248695 -2.4204367887327987 -0.8948307720792682 -1.5194927329825807 1.2613402147373123
12.534877679218752
3 -1 1
0.6990796675494859 0.8544830232315876 -0.7560956661244782 -2.4145363587905755 -0.9016725179119087 -1.474390241829113 1.2591143655647348
12.588460191016518
3 -1 1
0.7013200712067086 0.8318735410849332 -0.7572580860240871 -2.4086359288483523 -0.9085142637445494 -1.4292877506756454 1.2568885163921575
12.642042702814283
3 -1 1
