finger1_BaseJoint finger1_MidJoint finger2_BaseJoint finger2_MidJoint finger3_BaseJoint finger3_MidJoint brick_revolute_x_joint brick_translate_y_joint brick_translate_z_joint
 -0.55       1.5      0.75      -0.7     -0.15       1.2 -0.585398 0 0
0.0
-1 -1 -1
 -0.54386   1.48412  0.737042 -0.697532 -0.156622   1.19165 -0.585398 0 0
 0.1
 -1 -1 -1
-0.528868   1.44434  0.709079 -0.692064  -0.17017   1.16824 -0.585398 0 0
 0.2
 -1 -1 -1
-0.508564   1.38935    0.6762 -0.685207 -0.184376   1.13226 -0.585398 0 0
 0.3
 -1 -1 -1
-0.486046    1.3277  0.644864 -0.677994 -0.195257   1.08812 -0.585398 0 0
 0.4
 -1 -1 -1
-0.463128   1.26302  0.629912 -0.681799 -0.202415   1.03846 -0.575444 0 0
 0.5
 -1 -1 -1
-0.475601   1.25945  0.644406 -0.729611 -0.210971  0.991059 -0.536305 0 0
 0.6
-1 -1 -1
-0.504433   1.28241  0.661978 -0.788259 -0.234912   1.01098 -0.485955 0 0
 0.7
-1 -1 -1
-0.535237   1.29877  0.677076  -0.85182  -0.28062   1.07348 -0.422611 0 0
 0.8
-1 -1 -1
-0.574488   1.31381  0.691777 -0.928318 -0.335858   1.13711 -0.336189 0 0
 0.9
-1 -1 -1
-0.619587   1.32282   0.70228  -1.01014 -0.398537   1.19821 -0.228726 0 0
 1.0
-1 -1 -1
-0.666346   1.31982  0.705035  -1.08971 -0.464961   1.25011 -0.103856 0 0
 1.1
-1 -1 -1
-0.710141   1.29977  0.697626  -1.16078 -0.530935   1.28677 0.0337455 0 0
 1.2
-1 -1 -1
-0.744885   1.26127   0.68009  -1.21644  -0.58995   1.30441  0.172126 0 0
 1.3
-1 -1 -1
-0.768332   1.20435  0.653767  -1.25643 -0.640499   1.30449  0.307568 0 0
 1.4
-1 -1 -1
-0.779057   1.13331  0.621863  -1.28062 -0.680246   1.28999   0.43202 0 0
 1.5
-1 -1 -1
-0.778467    1.0546  0.587471  -1.29135 -0.709179   1.26571  0.540185 0 0
 1.6
-1 -1 -1
-0.769138  0.976409  0.553037  -1.29122 -0.727646    1.2355   0.62428 0 0
 1.7
-1 -1 -1
-0.752131  0.909795  0.526055  -1.28421 -0.733522   1.20487  0.667673 0 0
 1.8
-1 -1 -1
-0.739659   0.85723  0.505846  -1.27666 -0.738255    1.1823  0.709769 0 0
 1.9
-1 -1 -1
-0.728627  0.813373  0.488755  -1.26912  -0.74149   1.16356  0.741652 0 0
 2.0
-1 -1 -1
-0.716637  0.779032  0.477463  -1.26283  -0.74097   1.14811  0.755704 0 0
 2.1
-1 -1 -1
-0.708364   0.75337  0.470134  -1.25882 -0.741389   1.13813  0.769501 0 0
 2.2
-1 -1 -1
-0.701129  0.733681  0.464835  -1.25567 -0.741081   1.13063   0.77611 0 0
 2.3
-1 -1 -1
-0.695113  0.719704  0.462264  -1.25396 -0.740286   1.12585  0.778382 0 0
 2.4
-1 -1 -1
-0.691236  0.710038  0.460635    -1.253 -0.740144   1.12321  0.780712 0 0
 2.5
-1 -1 -1
-0.688221  0.703153   0.45962  -1.25229 -0.739862   1.12148  0.781569 0 0
 2.6
-1 -1 -1
-0.686097  0.698303  0.458971  -1.25186  -0.73974   1.12044  0.782111 0 0
 2.7
-1 -1 -1
-0.684565  0.694863   0.45855  -1.25157 -0.739622   1.11975  0.782437 0 0
 2.8
-1 -1 -1
-0.683437  0.692338  0.458226  -1.25133 -0.739539   1.11927  0.782654 0 0
 2.9
-1 -1 -1
-0.682595  0.690472  0.457984  -1.25116 -0.739474   1.11891  0.782781 0 0
 3.0
-1 -1 -1
-0.681918  0.688995  0.457793  -1.25102 -0.739416   1.11864  0.782837 0 0
 3.1
-1 -1 -1
-0.681358  0.687795   0.45764  -1.25092 -0.739362   1.11842  0.782844 0 0
 3.2
-1 -1 -1
-0.680876  0.686783  0.457518  -1.25086  -0.73931   1.11824  0.782819 0 0
 3.3
-1 -1 -1
-0.680442  0.685887  0.457405  -1.25077 -0.739258   1.11808  0.782766 0 0
 3.4
-1 -1 -1
-0.680047  0.685097  0.457309   -1.2507 -0.739204   1.11795  0.782673 0 0
 3.5
-1 -1 -1
-0.679673  0.684362  0.457221  -1.25063 -0.739163   1.11783  0.782562 0 0
 3.6
-1 -1 -1
-0.679316  0.683667  0.457137  -1.25054 -0.739129   1.11773  0.782445 0 0
 3.7
-1 -1 -1
-0.678966  0.682993  0.457059  -1.25046  -0.73907   1.11761  0.782313 0 0
 3.8
-1 -1 -1
-0.678617  0.682324  0.456993  -1.25042 -0.739004   1.11749  0.782174 0 0
 3.9
-1 -1 -1
-0.67828  0.681683  0.456929  -1.25037 -0.738944   1.11738  0.782034 0 0
 4.0
-1 -1 -1
