finger1_BaseJoint finger2_BaseJoint finger3_BaseJoint brick_translate_y_joint finger1_MidJoint finger2_MidJoint finger3_MidJoint brick_translate_z_joint brick_revolute_x_joint
-0.7215907541256452 0.717028647533615 0.2865748457374216 -0.00853645415347704 1.1391556230242965 -1.363699011235224 0.7 0.037589689080274054 0.35879774282006216
0.02
0 2 -1
-0.7064887559848012 0.7330040142348875 0.28330258872256286 -0.00687083564847083 1.1249921661698155 -1.3673609395161617 0.7 0.03727161847373134 0.33985521392592843
0.04
0 2 -1
-0.6913867578439572 0.7489793809361601 0.2800303317077041 -0.005205217143464619 1.1108287093153346 -1.3710228677970995 0.7 0.03695354786718863 0.32091268503179465
0.06
0 2 -1
-0.6762847597031132 0.7649547476374328 0.2767580746928453 -0.003539598638458409 1.0966652524608538 -1.374684796078037 0.7 0.036635477260645914 0.3019701561376609
0.08
0 2 -1
-0.6611827615622692 0.7809301143387053 0.2734858176779866 -0.0018739801334521982 1.0825017956063727 -1.3783467243589747 0.7 0.0363174066541032 0.28302762724352715
0.1
0 2 -1
-0.6454356582432041 0.7953617939682295 0.26975213583995805 -0.00026338225951345775 1.0658269414181691 -1.3801253265063747 0.7 0.03596432390486661 0.2652798926647147
0.12000000000000001
0 2 -1
-0.6296885549241391 0.8097934735977537 0.2660184540019296 0.0013472156144252827 1.0491520872299658 -1.3819039286537746 0.7 0.035611241155630025 0.24753215808590226
0.14
0 2 -1
-0.6139414516050742 0.824225153227278 0.2622847721639011 0.002957813488364023 1.0324772330417622 -1.3836825308011746 0.7 0.035258158406393444 0.22978442350708983
0.16
0 2 -1
-0.5981943482860091 0.8386568328568021 0.2585510903258726 0.004568411362302764 1.0158023788535586 -1.3854611329485746 0.7 0.03490507565715686 0.21203668892827737
0.18
0 2 -1
-0.5820611659872377 0.8514598660971878 0.25450066637627317 0.006092941773358283 0.9969328981495389 -1.3856437485423378 0.7 0.03453062561976229 0.19563248096320765
0.19999999999999998
0 2 -1
-0.5659279836884661 0.8642628993375735 0.2504502424266738 0.007617472184413801 0.9780634174455192 -1.3858263641361008 0.7 0.03415617558236772 0.17922827299813793
0.21999999999999997
0 2 -1
-0.5497948013896945 0.8770659325779592 0.24639981847707437 0.00914200259546932 0.9591939367414996 -1.3860089797298638 0.7 0.03378172554497315 0.1628240650330682
0.23999999999999996
0 2 -1
-0.533661619090923 0.8898689658183448 0.24234939452747495 0.010666533006524839 0.9403244560374798 -1.386191595323627 0.7 0.033407275507578583 0.14641985706799848
0.25999999999999995
0 2 -1
-0.517342048939846 0.9010158391068642 0.23812244859981463 0.012081315705010993 0.9195765974113874 -1.3850502588743003 0.7 0.03302439726445835 0.13142752125496848
0.27999999999999997
0 2 -1
-0.5010224787887689 0.9121627123953835 0.23389550267215434 0.013496098403497147 0.8988287387852949 -1.3839089224249737 0.7 0.032641519021338106 0.11643518544193845
0.3
0 2 -1
-0.48470290863769194 0.9233095856839029 0.22966855674449405 0.014910881101983301 0.8780808801592025 -1.3827675859756472 0.7 0.03225864077821787 0.10144284962890844
0.32
0 2 -1
-0.4683833384866149 0.9344564589724222 0.22544161081683373 0.016325663800469455 0.8573330215331101 -1.3816262495263205 0.7 0.031875762535097635 0.08645051381587843
0.34
0 2 -1
-0.4520237777669484 0.9439590242543496 0.22116674137700532 0.017613467026492774 0.8350032556206969 -1.3794064627905651 0.7 0.031496028536004174 0.07287908006151267
0.36000000000000004
0 2 -1
-0.4356642170472819 0.9534615895362771 0.21689187193717688 0.018901270252516096 0.8126734897082837 -1.3771866760548095 0.7 0.031116294536910716 0.059307646307146904
0.38000000000000006
0 2 -1
-0.41930465632761543 0.9629641548182046 0.21261700249734844 0.020189073478539418 0.7903437237958705 -1.374966889319054 0.7 0.03073656053781726 0.04573621255278114
0.4000000000000001
0 2 -1
-0.40294509560794894 0.972466720100132 0.20834213305752003 0.021476876704562737 0.7680139578834573 -1.3727471025832987 0.7 0.030356826538723798 0.03216477879841538
0.5252149501862828
0 2 -1
-0.4229102901622577 0.9684689586928124 0.16408398624743498 0.020877890054036546 0.626718861817287 -1.3787069487395596 0.7 0.030923221289362052 0.03833854538687842
0.6504299003725655
-1 2 -1
-0.44287548471656635 0.9644711972854927 0.11982583943734992 0.02027890340351035 0.4854237657511166 -1.3846667948958205 0.7 0.03148961604000031 0.04451231197534146
0.7756448505588482
-1 2 -1
-0.462840679270875 0.9604734358781729 0.07556769262726487 0.01967991675298416 0.34412866968494626 -1.3906266410520811 0.7 0.032056010790638564 0.05068607856380449
0.900859800745131
-1 2 -1
-0.48280587382518375 0.9564756744708532 0.03130954581717982 0.01908093010245797 0.20283357361877596 -1.396586487208342 0.7 0.032622405541276815 0.05685984515226753
1.0260747509314136
-1 2 -1
-0.4112057357465869 0.9564756744708531 0.03130954581717987 0.01908093010245797 0.09198566088597174 -1.396586487208342 0.7 0.032622405541276815 0.05685984515226753
1.1512897011176964
-1 2 -1
-0.33960559766799003 0.9564756744708531 0.031309545817179915 0.01908093010245797 -0.01886225184683249 -1.396586487208342 0.7 0.032622405541276815 0.05685984515226753
1.276504651303979
-1 2 -1
-0.26800545958939315 0.9564756744708531 0.03130954581717996 0.01908093010245797 -0.1297101645796367 -1.396586487208342 0.7 0.032622405541276815 0.05685984515226753
1.4017196014902618
-1 2 -1
-0.1964053215107963 0.956475674470853 0.031309545817180005 0.01908093010245797 -0.24055807731244094 -1.396586487208342 0.7 0.032622405541276815 0.05685984515226753
1.5269345516765445
-1 2 -1
-0.12469102321919423 0.9564756744708517 0.031309545817182136 0.01908093010245797 -0.3513702873744677 -1.396586487208342 0.7 0.032622405541276815 0.05685984515226753
1.6521495018628272
-1 2 -1
-0.05297672492759217 0.9564756744708502 0.03130954581718426 0.01908093010245797 -0.4621824974364944 -1.396586487208342 0.7 0.032622405541276815 0.05685984515226753
1.7773644520491099
-1 2 -1
0.018737573364009885 0.9564756744708489 0.03130954581718639 0.019080930102457965 -0.5729947074985211 -1.396586487208342 0.7 0.032622405541276815 0.05685984515226753
1.9025794022353926
-1 2 -1
0.09045187165561196 0.9564756744708476 0.03130954581718852 0.019080930102457965 -0.6838069175605479 -1.396586487208342 0.7 0.032622405541276815 0.05685984515226753
2.0277943524216755
-1 2 -1
0.1622353923558953 0.9564756744708476 0.05004863195608804 0.019080930102457965 -0.7946022017322816 -1.396586487208342 0.7 0.032622405541276815 0.05685984515226753
2.153009302607958
-1 2 -1
0.23401891305617867 0.9564756744708475 0.06878771809498754 0.019080930102457965 -0.9053974859040153 -1.396586487208342 0.7 0.032622405541276815 0.05685984515226754
2.278224252794241
-1 2 -1
0.305802433756462 0.9564756744708474 0.08752680423388706 0.019080930102457965 -1.016192770075749 -1.396586487208342 0.7 0.032622405541276815 0.05685984515226754
2.4034392029805236
-1 2 -1
0.37758595445674537 0.9564756744708474 0.10626589037278658 0.019080930102457965 -1.1269880542474826 -1.396586487208342 0.7 0.032622405541276815 0.05685984515226754
2.5286541531668063
-1 2 -1
0.4492721723529698 0.9564756744708475 0.1062658903727867 0.019080930102457965 -1.237741040685612 -1.396586487208342 0.7 0.032622405541276815 0.05685984515226754
2.653869103353089
-1 2 -1
0.5209583902491942 0.9564756744708476 0.10626589037278683 0.01908093010245797 -1.3484940271237413 -1.3965864872083418 0.7 0.032622405541276815 0.05685984515226754
2.7790840535393717
-1 2 -1
0.5926446081454186 0.9564756744708476 0.10626589037278697 0.01908093010245797 -1.4592470135618707 -1.3965864872083418 0.7 0.032622405541276815 0.05685984515226754
2.9042990037256544
-1 2 -1
0.6643308260416431 0.9564756744708477 0.1062658903727871 0.01908093010245797 -1.57 -1.3965864872083418 0.7 0.032622405541276815 0.05685984515226754
3.029513953911937
-1 2 -1
0.8032483860631764 0.9564756744708477 0.1062658903727872 0.01908093010245797 -1.57 -1.3965864872083418 0.7 0.032622405541276815 0.05685984515226754
3.15472890409822
-1 2 -1
0.9421659460847096 0.9564756744708477 0.1062658903727873 0.01908093010245797 -1.57 -1.3965864872083418 0.7 0.032622405541276815 0.05685984515226754
3.2799438542845025
-1 2 -1
1.081083506106243 0.9564756744708477 0.10626589037278741 0.019080930102457972 -1.57 -1.3965864872083418 0.7 0.032622405541276815 0.05685984515226754
3.4051588044707852
-1 2 -1
1.2200010661277763 0.9564756744708477 0.10626589037278752 0.019080930102457972 -1.57 -1.3965864872083418 0.7 0.032622405541276815 0.05685984515226754
3.530373754657068
-1 2 -1
1.215635261039986 0.956475674470264 0.10626589037278103 0.019080930102457972 -1.4902614763783384 -1.3965864872083418 0.7 0.032622405541276815 0.05685984515226754
3.6555887048433506
-1 2 -1
1.2112694559521962 0.9564756744696805 0.10626589037277452 0.019080930102457972 -1.4105229527566767 -1.3965864872083418 0.7 0.032622405541276815 0.05685984515226753
3.7808036550296333
-1 2 -1
1.206903650864406 0.9564756744690969 0.10626589037276801 0.019080930102457972 -1.330784429135015 -1.3965864872083418 0.7 0.032622405541276815 0.056859845152267524
3.906018605215916
-1 2 -1
1.2025378457766158 0.9564756744685132 0.10626589037276152 0.019080930102457972 -1.2510459055133534 -1.3965864872083418 0.7 0.032622405541276815 0.056859845152267524
4.031233555402199
-1 2 -1
1.1760530058107332 0.9564756744685133 0.1062658903727715 0.019080930102457972 -1.17645021686808 -1.396586487208342 0.7 0.032622405541276815 0.056859845152267524
4.156448505588482
-1 2 -1
1.1495681658448507 0.9564756744685134 0.10626589037278147 0.019080930102457972 -1.1018545282228063 -1.3965864872083422 0.7 0.032622405541276815 0.056859845152267524
4.2816634557747655
-1 2 -1
1.1230833258789683 0.9564756744685136 0.10626589037279147 0.019080930102457972 -1.0272588395775328 -1.3965864872083422 0.7 0.032622405541276815 0.056859845152267524
4.406878405961049
-1 2 -1
1.0965984859130857 0.9564756744685137 0.10626589037280144 0.019080930102457972 -0.9526631509322593 -1.3965864872083424 0.5 0.032622405541276815 0.056859845152267524
4.532093356147332
-1 2 -1
1.0357176290053103 0.9564756884499154 0.08752590194082084 0.019080930102457972 -0.8935401265257895 -1.3965864416429907 0.35 0.032622405541276815 0.056859845152267524
4.657308306333615
-1 2 -1
0.9748367720975349 0.9564757024313171 0.06878591350884025 0.01908093010245797 -0.8344171021193199 -1.3965863960776392 0.2 0.03262240554127681 0.056859845152267524
4.782523256519898
-1 2 -1
0.9139559151897596 0.9564757164127187 0.05004592507685965 0.01908093010245797 -0.7752940777128501 -1.3965863505122877 0.039710663116604344 0.03262240554127681 0.05685984515226752
4.907738206706181
-1 2 -1
0.8530750582819842 0.9564757303941204 0.031305936644879045 0.01908093010245797 -0.7161710533063803 -1.396586304946936 0.076907796365395 0.03262240554127681 0.05685984515226752
4.975417375348822
1 2 -1
0.8502019475433635 0.9632329581899406 -0.01535362886477476 0.01930496385387574 -0.7227134963326618 -1.4059922804390874 0.160214680603128 0.03219287716000249 0.06855267013135208
5.043096543991462
1 2 3
0.847328836804743 0.9699901859857609 -0.062013194374428565 0.01952899760529351 -0.7292559393589433 -1.415398255931239 0.24352156484086096 0.031763348778728176 0.08024549511043665
5.110775712634102
1 2 3
0.8444557260661225 0.9767474137815813 -0.10867275988408237 0.019753031356711283 -0.7357983823852247 -1.4248042314233906 0.32682844907859393 0.03133382039745386 0.09193832008952121
5.178454881276743
1 2 3
0.8415826153275019 0.9835046415774015 -0.15533232539373618 0.019977065108129053 -0.7423408254115061 -1.434210206915542 0.4101353333163269 0.03090429201617954 0.10363114506860578
5.246134049919383
1 2 3
0.8312328139495461 0.9916618453334773 -0.20334096908405552 0.020209877998933267 -0.7507658052038721 -1.438741445996399 0.4908580644229257 0.029538832086975754 0.12247664923947796
5.313813218562023
1 2 3
0.8208830125715902 0.9998190490895533 -0.25134961277437484 0.02044269088973748 -0.7591907849962383 -1.4432726850772557 0.5715807955295245 0.028173372157771964 0.14132215341035015
5.381492387204664
1 2 3
0.8105332111936343 1.007976252845629 -0.29935825646469416 0.020675503780541695 -0.7676157647886044 -1.4478039241581127 0.6523035266361233 0.026807912228568178 0.1601676575812223
5.449171555847304
1 2 3
0.8001834098156785 1.016133456601705 -0.34736690015501354 0.02090831667134591 -0.7760407445809704 -1.4523351632389696 0.7330262577427221 0.02544245229936439 0.1790131617520945
5.516850724489944
1 2 3
0.785227717402166 1.0249511269367328 -0.3919230700017786 0.021061685967624262 -0.7869221250096832 -1.459061075910053 0.7989978450387911 0.023656738013650105 0.20719437658602477
5.584529893132585
1 2 3
0.7702720249886535 1.0337687972717609 -0.43647923984854375 0.02121505526390261 -0.7978035054383961 -1.4657869885811365 0.8649694323348602 0.02187102372793582 0.23537559141995507
5.652209061775225
1 2 3
0.7553163325751411 1.0425864676067886 -0.48103540969530884 0.02136842456018096 -0.8086848858671088 -1.4725129012522202 0.9309410196309293 0.020085309442221533 0.26355680625388533
5.719888230417865
1 2 3
0.7403606401616286 1.0514041379418164 -0.5255915795420739 0.021521793856459314 -0.8195662662958216 -1.4792388139233037 0.9969126069269983 0.018299595156507246 0.2917380210878156
5.787567399060506
1 2 3
0.723098136161011 1.0575587564382416 -0.5634416804251554 0.021461155971570084 -0.8301958223729344 -1.4878740810599431 1.0446206592157103 0.01651388087079296 0.32539794237627767
5.855246567703146
1 2 3
0.7058356321603936 1.0637133749346668 -0.6012917813082368 0.02140051808668085 -0.8408253784500473 -1.4965093481965823 1.0923287115044222 0.014728166585078674 0.3590578636647397
5.922925736345786
1 2 3
0.688573128159776 1.069867993431092 -0.6391418821913183 0.02133988020179162 -0.8514549345271603 -1.5051446153332217 1.1400367637931343 0.01294245229936439 0.39271778495320175
5.990604904988427
1 2 3
0.6713106241591584 1.0760226119275171 -0.6769919830743998 0.02127924231690239 -0.8620844906042731 -1.5137798824698612 1.1877448160818462 0.011156738013650103 0.4263777062416638
6.058284073631067
1 2 3
0.651504831923151 1.0767877330212976 -0.70867382343416 0.02095203271138242 -0.8686419831499665 -1.518212207735673 1.223381400092288 0.009371023727935817 0.4600376275301259
6.125963242273707
1 2 3
0.6316990396871436 1.077552854115078 -0.7403556637939201 0.02062482310586245 -0.87519947569566 -1.5226445330014848 1.25901798410273 0.007585309442221532 0.49369754881858796
6.193642410916348
1 2 3
0.6118932474511363 1.0783179752088587 -0.7720375041536803 0.020297613500342485 -0.8817569682413536 -1.5270768582672967 1.294654568113172 0.005799595156507246 0.52735747010705
6.261321579558988
1 2 3
0.5920874552151288 1.0790830963026392 -0.8037193445134405 0.019970403894822516 -0.8883144607870471 -1.5315091835331085 1.3302911521236138 0.00401388087079296 0.5610173913955121
6.350936960852904
1 2 3
0.6013087067751419 1.1521619569029713 -0.7877782407784311 0.01818468960910823 -0.9059814895191937 -1.5411318876498314 1.3535202053474764 0.0029352195550843415 0.52735747010705
6.44055234214682
1 -1 3
0.6105299583351549 1.2252408175033036 -0.7718371370434216 0.01639897532339394 -0.9236485182513402 -1.5507545917665544 1.3767492585713388 0.0018565582393757223 0.49369754881858796
6.530167723440735
1 -1 3
0.6197512098951679 1.2983196781036357 -0.7558960333084123 0.014613261037679653 -0.9413155469834867 -1.5603772958832771 1.3999783117952012 0.000777896923667103 0.4600376275301259
6.619783104734651
1 -1 3
0.6289724614551809 1.3713985387039678 -0.7399549295734028 0.012827546751965365 -0.9589825757156333 -1.57 1.4232073650190638 -0.00030076439204151554 0.4263777062416638
6.709398486028567
1 -1 3
0.6354370752085767 1.366596667270175 -0.7377037963442704 0.013706932012030071 -0.958741175930323 -1.552905767852109 1.3950903139178399 0.001172062452783744 0.44027376655604744
6.799013867322483
1 -1 3
0.6419016889619724 1.3617947958363825 -0.7354526631151379 0.014586317272094779 -0.9584997761450129 -1.5358115357042177 1.3669732628166158 0.002644889297609004 0.45416982687043106
6.8886292486163985
1 -1 3
0.6483663027153681 1.35699292440259 -0.7332015298860055 0.015465702532159484 -0.9582583763597028 -1.5187173035563264 1.338856211715392 0.004117716142434263 0.4680658871848146
6.978244629910314
1 -1 3
0.6548309164687639 1.3521910529687973 -0.7309503966568731 0.01634508779222419 -0.9580169765743926 -1.5016230714084353 1.310739160614168 0.005590542987259523 0.48196194749919824
7.06786001120423
1 -1 3
0.660034116714499 1.3473882420042085 -0.7274797581856252 0.017106852618677563 -0.9579163704038338 -1.4845276745919804 1.2826358561348097 0.006924901555043169 0.4961760713624959
7.157475392498146
1 -1 3
0.6652373169602339 1.3425854310396197 -0.7240091197143773 0.017868617445130935 -0.9578157642332752 -1.4674322777755253 1.2545325516554513 0.008259260122826816 0.5103901952257935
7.247090773792062
1 -1 3
0.6704405172059689 1.3377826200750311 -0.7205384812431295 0.018630382271584308 -0.9577151580627166 -1.4503368809590702 1.2264292471760931 0.009593618690610463 0.5246043190890912
7.336706155085977
1 -1 3
0.6756437174517039 1.3329798091104423 -0.7170678427718815 0.01939214709803768 -0.9576145518921578 -1.4332414841426153 1.1983259426967348 0.010927977258394108 0.5388184429523889
7.426321536379893
1 -1 3
0.6796987955087346 1.3281788796671878 -0.7125915238458915 0.020043051356748342 -0.9577140853571919 -1.4161459701466885 1.1702529841095488 0.012122446392906518 0.5531994129408535
7.515936917673809
1 -1 3
0.6837538735657653 1.3233779502239331 -0.7081152049199017 0.020693955615459003 -0.9578136188222259 -1.3990504561507615 1.142180025522363 0.01331691552741893 0.5675803829293181
7.605552298967725
1 -1 3
0.6878089516227961 1.3185770207806784 -0.7036388859939118 0.021344859874169664 -0.95791315228726 -1.3819549421548347 1.1141070669351771 0.01451138466193134 0.5819613529177827
7.69516768026164
1 -1 3
0.6918640296798267 1.313776091337424 -0.6991625670679218 0.021995764132880326 -0.9580126857522941 -1.364859428158908 1.0860341083479912 0.01570585379644375 0.5963423229062473
7.784783061555556
1 -1 3
0.6948600061627022 1.3089747342615434 -0.6938527470145632 0.02254248599365749 -0.9583448504023984 -1.3477632239728412 1.0579933336964737 0.016759408656505128 0.6107735603837653
7.874398442849472
1 -1 3
0.6978559826455775 1.3041733771856627 -0.6885429269612046 0.023089207854434655 -0.9586770150525025 -1.3306670197867745 1.0299525590449565 0.017812963516566506 0.6252047978612834
7.964013824143388
1 -1 3
0.7008519591284529 1.2993720201097823 -0.6832331069078459 0.02363592971521182 -0.9590091797026066 -1.3135708156007075 1.001911784393439 0.018866518376627887 0.6396360353388013
8.053629205437304
1 -1 3
0.7038479356113283 1.2945706630339018 -0.6779232868544873 0.024182651575988985 -0.9593413443527108 -1.2964746114146408 0.9738710097419218 0.019920073236689265 0.6540672728163193
8.14324458673122
1 -1 3
0.7033624689561897 1.237156926834915 -0.6725694858684412 0.02486987873592167 -0.9472063110898312 -1.3119529803765002 0.9563616028824955 0.02054361902318799 0.6530495289978357
8.232859968025135
1 -1 3
0.7028770023010511 1.1797431906359281 -0.6672156848823952 0.025557105895854353 -0.9350712778269518 -1.3274313493383594 0.9388521960230694 0.02116716480968671 0.6520317851793522
8.32247534931905
1 -1 3
0.7023915356459125 1.1223294544369413 -0.6618618838963493 0.026244333055787036 -0.9229362445640723 -1.3429097183002188 0.9213427891636431 0.021790710596185432 0.6510140413608686
8.412090730612967
1 -1 3
0.7019060689907739 1.0649157182379545 -0.6565080829103032 0.02693156021571972 -0.9108012113011927 -1.3583880872620782 0.9038333823042168 0.022414256382684156 0.6499962975423851
8.461350797688032
1 3 3
0.7275081007963589 1.0555423460545643 -0.6845662836887878 0.02607663275989685 -0.9433125858761543 -1.37307824313931 0.904443136901687 0.024199970668398442 0.6520181567415074
8.510610864763098
1 3 -1
0.7531101326019438 1.0461689738711741 -0.7126244844672726 0.025221705304073982 -0.9758239604511159 -1.387768399016542 0.905052891499157 0.02598568495411273 0.6540400159406297
8.559870931838164
1 3 -1
0.7787121644075288 1.0367956016877842 -0.7406826852457573 0.024366777848251114 -1.0083353350260773 -1.4024585548937738 0.905662646096627 0.027771399239827015 0.656061875139752
8.60913099891323
1 3 -1
0.8043141962131137 1.027422229504394 -0.768740886024242 0.023511850392428243 -1.040846709601039 -1.4171487107710057 0.9062724006940972 0.0295571135255413 0.6580837343388743
8.658391065988296
1 3 -1
0.8235773011534899 1.0193992560072487 -0.7495401889024377 0.022805086319924412 -1.0685978092450015 -1.4375108851605938 0.9199328665734942 0.031152991264233085 0.6701871226655378
8.707651133063361
1 3 -1
0.8428404060938661 1.0113762825101031 -0.7303394917806334 0.02209832224742058 -1.096348908888964 -1.457873059550182 0.9335933324528911 0.03274886900292487 0.6822905109922014
8.756911200138427
1 3 -1
0.8621035110342423 1.0033533090129578 -0.7111387946588292 0.021391558174916753 -1.1241000085329262 -1.4782352339397704 0.9472537983322881 0.03434474674161666 0.694393899318865
8.806171267213493
1 3 -1
0.8813666159746185 0.9953303355158125 -0.691938097537025 0.02068479410241292 -1.1518511081768887 -1.4985974083293585 0.960914264211685 0.03594062448030844 0.7064972876455284
8.855431334288559
1 3 -1
0.8962132794003123 0.9854910210393336 -0.6660180218632759 0.019975127353966154 -1.177290582910829 -1.5164480562470188 0.9750278090031055 0.037268133230075086 0.7234874891444161
8.904691401363625
1 3 -1
0.911059942826006 0.9756517065628547 -0.6400979461895266 0.01926546060551939 -1.2027300576447693 -1.5342987041646792 0.9891413537945258 0.038595641979841736 0.7404776906433037
8.95395146843869
1 3 -1
0.9259066062516997 0.9658123920863758 -0.6141778705157774 0.018555793857072622 -1.2281695323787094 -1.5521493520823397 1.0032548985859462 0.03992315072960838 0.7574678921421913
9.003211535513756
1 3 -1
0.9407532696773935 0.9559730776098969 -0.5882577948420283 0.017846127108625855 -1.2536090071126498 -1.57 1.0173684433773666 0.04125065947937502 0.774458093641079
9.052471602588822
1 3 -1
0.9352897677381055 0.9461787779673954 -0.558155382085948 0.016883130520277272 -1.2752978100180141 -1.57 1.0184984162626443 0.04057895395959443 0.801763245775923
9.101731669663888
1 3 -1
0.9298262657988174 0.9363844783248939 -0.5280529693298677 0.015920133931928687 -1.2969866129233785 -1.57 1.0196283891479219 0.03990724843981385 0.829068397910767
9.150991736738954
1 3 -1
0.9243627638595294 0.9265901786823925 -0.4979505565737873 0.014957137343580104 -1.3186754158287428 -1.57 1.0207583620331997 0.03923554292003327 0.8563735500456111
9.20025180381402
1 3 -1
0.9188992619202414 0.9167958790398909 -0.4678481438177069 0.01399414075523152 -1.3403642187341072 -1.57 1.0218883349184773 0.03856383740025268 0.8836787021804551
9.249511870889085
1 3 -1
0.9108546783872715 0.9054439168885238 -0.4441412021654607 0.013066158190919372 -1.3582221028366699 -1.57 1.0151375669437757 0.037985120756444814 0.9129108721296959
9.298771937964151
1 3 -1
0.9028100948543015 0.8940919547371566 -0.42043426051321453 0.012138175626607224 -1.3760799869392324 -1.57 1.0083867989690738 0.037406404112636946 0.9421430420789367
9.348032005039217
1 3 -1
0.8947655113213315 0.8827399925857896 -0.39672731886096835 0.011210193062295076 -1.393937871041795 -1.57 1.0016360309943722 0.03682768746882908 0.9713752120281776
9.397292072114283
1 3 -1
0.8867209277883616 0.8713880304344225 -0.37302037720872216 0.010282210497982927 -1.4117957551443576 -1.57 0.9948852630196705 0.03624897082502121 1.0006073819774184
9.446552139189349
1 3 -1
0.8682682444577556 0.8581126413601103 -0.39163996792594225 0.008969434243084079 -1.4247356770077828 -1.5483567755243342 0.9515849511322145 0.034463256539306916 1.023890600434997
9.495812206264414
1 3 -1
0.8498155611271496 0.8448372522857983 -0.4102595586431624 0.0076566579881852306 -1.4376755988712078 -1.526713551048668 0.9082846392447586 0.03267754225359263 1.0471738188925759
9.54507227333948
1 3 -1
0.8313628777965435 0.8315618632114863 -0.4288791493603825 0.006343881733286383 -1.4506155207346327 -1.5050703265730019 0.8649843273573027 0.030891827967878337 1.0704570373501547
9.594332340414546
1 3 -1
0.8129101944659375 0.8182864741371741 -0.4474987400776026 0.005031105478387535 -1.463555442598058 -1.483427102097336 0.8216840154698467 0.029106113682164047 1.0937402558077334
9.62880699041637
1 3 0
0.7834703176862976 0.82352890989321 -0.47445246878308833 0.005538546666488341 -1.4406888881946065 -1.4895688699753786 0.8474463980121384 0.027639507261386052 1.1196081131223126
9.663281640418194
1 3 0
0.7540304409066576 0.8287713456492458 -0.5014061974885742 0.006045987854589149 -1.4178223337911553 -1.495710637853421 0.8732087805544302 0.026172900840608058 1.145475970436892
9.697756290420019
1 3 0
0.7245905641270177 0.8340137814052817 -0.5283599261940599 0.006553429042689955 -1.3949557793877039 -1.5018524057314635 0.8989711630967219 0.024706294419830063 1.1713438277514712
9.732230940421843
1 3 0
0.6951506873473778 0.8392562171613176 -0.5553136548995457 0.007060870230790762 -1.3720892249842525 -1.5079941736095062 0.9247335456390136 0.02323968799905207 1.1972116850660504
9.766705590423667
1 3 0
0.6635809208587657 0.8421342112548823 -0.579629825036778 0.007414707048443018 -1.3439649969675371 -1.5079943101043143 0.9478805830761443 0.021613461745861394 1.2214809091093914
9.801180240425492
1 3 0
0.6320111543701536 0.845012205348447 -0.6039459951740103 0.007768543866095274 -1.3158407689508216 -1.5079944465991222 0.9710276205132752 0.019987235492670716 1.2457501331527325
9.835654890427316
1 3 0
0.6004413878815414 0.8478901994420118 -0.6282621653112427 0.00812238068374753 -1.287716540934106 -1.5079945830939303 0.994174657950406 0.01836100923948004 1.2700193571960734
9.87012954042914
1 3 0
0.5688716213929293 0.8507681935355765 -0.652578335448475 0.008476217501399786 -1.2595923129173907 -1.5079947195887384 1.0173216953875368 0.016734782986289366 1.2942885812394145
9.904604190430964
1 3 0
0.5365349370531354 0.8512154200247214 -0.6738704776627682 0.008669384594436716 -1.2267398263831615 -1.5027541715658894 1.0381181738965901 0.015073804753316909 1.3159828566005534
9.939078840432789
1 3 0
0.5041982527133415 0.8516626465138661 -0.6951626198770614 0.008862551687473647 -1.1938873398489322 -1.4975136235430404 1.0589146524056434 0.01341282652034445 1.3376771319616925
9.973553490434613
1 3 0
0.47186156837354754 0.852109873003011 -0.7164547620913546 0.009055718780510577 -1.161034853314703 -1.4922730755201914 1.079711130914697 0.011751848287371991 1.3593714073228313
10.008028140436437
1 3 0
0.43952488403375356 0.8525570994921559 -0.7377469043056478 0.009248885873547507 -1.1281823667804738 -1.4870325274973424 1.1005076094237503 0.010090870054399534 1.3810656826839702
10.042502790438261
1 3 0
0.4073543602053068 0.8507129482605816 -0.7559310335233181 0.00928460101200882 -1.0914453196665155 -1.4776469480427485 1.1193229597268812 0.008494415170070675 1.3996635233821424
10.076977440440086
1 3 0
0.37518383637686004 0.8488687970290074 -0.7741151627409886 0.009320316150470132 -1.0547082725525572 -1.4682613685881547 1.138138310030012 0.0068979602857418155 1.4182613640803148
10.11145209044191
1 3 0
0.34301331254841333 0.8470246457974331 -0.7922992919586589 0.009356031288931442 -1.0179712254385986 -1.4588757891335606 1.156953660333143 0.0053015054014129565 1.4368592047784872
10.145926740443734
1 3 0
0.31084278871996657 0.8451804945658589 -0.8104834211763292 0.009391746427392754 -0.9812341783246403 -1.4494902096789668 1.175769010636274 0.003705050517084098 1.4554570454766593
10.180401390445558
1 3 0
0.27932731454860016 0.8412805408519403 -0.8256347051483439 0.009276348474413497 -0.9414928410017724 -1.4369642843792803 1.192965379689342 0.002240539638416444 1.4707820571582937
10.214876040447383
1 3 0
0.2478118403772338 0.8373805871380218 -0.8407859891203587 0.009160950521434237 -0.9017515036789047 -1.424438359079594 1.2101617487424101 0.0007760287597487901 1.486107068839928
10.249350690449207
1 3 0
0.2162963662058674 0.8334806334241032 -0.8559372730923736 0.00904555256845498 -0.8620101663560369 -1.4119124337799076 1.227358117795478 -0.0006884821189188637 1.5014320805215626
10.283825340451031
1 3 0
0.18478089203450102 0.8295806797101846 -0.8710885570643883 0.008930154615475722 -0.822268829033169 -1.399386508480221 1.244554486848546 -0.0021529929975865176 1.516757092203197
10.318299990452855
1 3 0
0.15410323284800226 0.823877764728494 -0.8833213251564522 0.008669603806422344 -0.7802928415906935 -1.3845157071285388 1.2604323252804979 -0.003443765548269323 1.5288126076139483
10.35277464045468
1 3 0
0.1234255736615035 0.8181748497468035 -0.8955540932485162 0.008409052997368965 -0.7383168541482179 -1.3696449057768567 1.2763101637124494 -0.004734538098952128 1.5408681230246997
10.387249290456504
1 3 0
0.09274791447500476 0.8124719347651129 -0.9077868613405802 0.008148502188315587 -0.6963408667057425 -1.3547741044251744 1.292188002144401 -0.006025310649634933 1.552923638435451
10.421723940458328
1 3 0
0.09274791447500476 0.8124719347651129 -0.9077868613405802 0.008148502188315587 -0.6963408667057425 -1.3547741044251744 1.292188002144401 -0.006025310649634933 1.552923638435451
12.0
1 3 0
