finger1_ShoulderJoint finger2_ShoulderJoint finger3_ShoulderJoint brick_translate_y_joint  finger1_ElbowJoint finger2_ElbowJoint finger3_ElbowJoint brick_translate_z_joint brick_revolute_x_joint
     -0.550089676041783604    -0.65594285837027610508    -0.66145782473504466381  -0.0030306616435550161673    -0.30334857014322857971    -0.36063927197977307948    -0.36461356345328421735   0.0077336414340698931766    -0.28016377206896087015
   -0.43428274086990759084    -0.65580539630954914898    -0.64417683497145927785 -0.00042259580756848869965    -0.24410626511821792439     -0.3726887519538027993    -0.35577281977132541035   0.0068291687082377566798    -0.31434173117251956731
   -0.44715434444906132505    -0.66389387357878304474    -0.61596890236032353361   0.0038163494740814781978    -0.25749627354319515327     -0.3803025296592146276    -0.34568948005271088464   0.0055430250975880427169    -0.36643178390791236732
   -0.46002163478045521305     -0.6743346984663255439    -0.58731565964763565724   0.0083829915232524754298    -0.27088627855827834834    -0.38901167768837319194    -0.33508680066959550814   0.0041978426590072196942    -0.41755071775945512558
   -0.47288956613003813034    -0.68715520386983364176     -0.5581914772007775527    0.013272811595408271976     -0.2842779091738069086    -0.39880647444833472459    -0.32393918676504462884   0.0027895575777092031927     -0.4675119238978312497
   -0.48575817605189786086    -0.70239074461940187444    -0.52855487880150797686    0.018481068271266727632    -0.29766453468957682071    -0.40966364805161969986    -0.31221104681589612051   0.0013127445608898302611      -0.516082450662230241
   -0.49862703410839026574    -0.72009141748564586827    -0.49833200190828108589    0.024005795222933591637    -0.31105263373636110602    -0.42156263110302089059    -0.29984812923435899545 -0.00023989099795104009165    -0.56299741740325615069
   -0.51149563221946059421    -0.74031929596585077658    -0.46744038772499230117    0.029844180034851775646    -0.32444180140887396435    -0.43447047605440647366    -0.28677813607408886298  -0.0018759794438431513092     -0.6079131275192120043
   -0.61114528992690708709    -0.69989972933432331725    -0.54165936347082599411    0.015781433897555170037    -0.36349500672909357268    -0.39375528840853202261    -0.32293725229758568629   0.0022029820176598003019    -0.49221690329175010747
  -0.61114528992690708709   -0.69989972933432331725   -0.54165936347082599411   0.015781433897555170037   -0.36349500672909357268   -0.39375528840853202261   -0.32293725229758568629  0.0022029820176598003019   -0.49221690329175010747
  -0.54685983949235461576   -0.61830067525307819132   -0.45328052664472895383   0.015277661965093990507   -0.52580481711634574626   -0.56452550999107287133   -0.49580666354512531457  0.0016866262018823325632   -0.42374880437404122135
  -0.49712310012621496735   -0.54605771704740391215   -0.37424965016337685686   0.014255215652142549931   -0.69006084973292469709   -0.73193315453806251369   -0.66733094136021264831  0.0010528556057806726966   -0.32136644318579538071
  -0.47372834603184832414   -0.49065414442575172593   -0.31674231712455591659    0.01207804829120101911   -0.85406338093482014884   -0.88913343934912036914   -0.83542070893449671409 0.00038640158370606110874   -0.17030089019420757701
  -0.51240983381021276699   -0.47973349759429823047   -0.32204679588914669752  0.0071826805987189540695   -0.99861965687332043817      -1.00414335419531775   -0.98350557303637609063 0.00020640492163153542301    0.07225487215471458613
  -0.64193433456679260818   -0.56844536480798302236   -0.44823390294295462066 0.00041789566285129018264     -1.013587352226796634   -0.96130137637582147025    -1.0111943541355852272   0.001733187778035720451    0.36410719942601632582
  -0.76341813914105705052   -0.68457423701704533947   -0.58548275436272501082 -0.0035860522142969809313   -0.92749212252614610108    -0.8266698286171016985   -0.94100332274948583766  0.0034322040248248538753    0.55498064790484757935
  -0.76341813914105705052   -0.68457423701704533947   -0.58548275436272501082 -0.0035860522142969809313   -0.92749212252614610108    -0.8266698286171016985   -0.94100332274948583766  0.0034322040248248538753    0.55498064790484757935
  -0.87754125612050126737   -0.60295551025558002944   -0.57912399965593197582  -0.026099077354294092368    -1.0378951502147280017   -0.80257515889082653437   -0.99560016708469667446 0.00087369880571084885135     0.7363416373572925222
  -0.89711236024008356171   -0.62090487972358376911   -0.49890182347067496549  -0.028544610625432054879    -1.0352810711598554594   -0.75945329538634032129   -0.91153127169791725581  0.0012433813568610090593    0.76950104196306201576
  -0.89637769959341218051   -0.66349969636373085091   -0.43274855581118149006  -0.026185437893744594601    -1.0067536453516612305   -0.71676883238340549642   -0.81722560334095251111  0.0021944385589009601789    0.77760462039294664383
   -0.8732779107826006415   -0.73252415902462630903   -0.39284219258213615156  -0.018246642681794635055   -0.94705604910668172991   -0.67432227010435363823   -0.71749255935146116769  0.0038115142874965515264    0.75066254703083090671
  -0.85017899276349273574   -0.80110965823592628077   -0.36512210252707993918 -0.0099123550792836676027   -0.88164919352722648238   -0.62885902380932234834    -0.6225810803136246907  0.0054430592626543549545    0.71113057593601636253
  -0.83109161325560121369   -0.86489755412009272639   -0.33740124672180754617 -0.0022854214170889460001   -0.81624855670765306126   -0.57914526239259644935   -0.52766674588629336462   0.006993642200036974399    0.66673388927239485291
   -0.7973748252058818764   -0.92904734636521624225   -0.44318845653829747055    0.00880014554356555595   -0.72134465556898952343   -0.53729315557052859109   -0.51179838102055474902  0.0089040632159446582439    0.56876714398600058953
  -0.7973748252058818764  -0.92904734636521624225  -0.44318845653829747055   0.00880014554356555595  -0.72134465556898952343  -0.53729315557052859109  -0.51179838102055474902 0.0089040632159446582439   0.56876714398600058953
 -0.69682584842086192634   -1.0337938779907400733  -0.39465737767630865163  0.015916677209407956856  -0.74540654913137915916  -0.68077300644743110603   -0.5481790350773730891  0.012805260344171159187   0.45495532305545571816
 -0.61116140432529353355  -0.93399863188151066584  -0.35952427180428531139  0.023032690540068793267  -0.72409485676874751903  -0.67853290796203313828  -0.57528307631735575711  0.017470539643754244563   0.33232779111595833754
 -0.52312689394013356381  -0.83420388653031218862  -0.34103792673043059613  0.028480966610738546463  -0.69821874906271086392  -0.67629545622080944334  -0.61079610301229536606  0.023709378128354243603   0.21072185398825132863
 -0.48296850556338372096  -0.68872848834372424331  -0.33511642433764388116  0.030769685699750182889  -0.67353290486762085187  -0.61923920189192960262  -0.63544273401962891867     0.027426114906945534   0.14923204761787359218
 -0.53689407411862810626  -0.58777791685684754874  -0.33249805372102958501  0.029120358428643879772  -0.67243948890416105346  -0.53317601791285851309  -0.61857259858887925219   0.02349379419468826044   0.20989050245805193629
 -0.62082372906183225236  -0.57523923361865092474  -0.34416448108298342001   0.02475641195547683554  -0.68287880364920683363  -0.47779624436326018078  -0.58907912320100064285  0.017753730471008269398   0.31624888642940740535
 -0.70294820917743416899   -0.5626969016540722679  -0.36872737579021935828  0.019065133985977485154  -0.68993239904406244989  -0.42241786872159858834  -0.56608303159299322438   0.01318663889149312117   0.42366630702261404151
 -0.79224773728009090235  -0.67004704199417852717   -0.4184228153873643663  0.010496322322418686138   -0.7050686004976063348  -0.42954562788041167343  -0.54223653263648863287 0.0093953995881048014277   0.55401337497296787582
 -0.79224773728009090235  -0.67004704199417852717   -0.4184228153873643663  0.010496322322418686138   -0.7050686004976063348  -0.42954562788041167343  -0.54223653263648863287 0.0093953995881048014277   0.55401337497296787582
 -0.82320998205529127834  -0.70139140972206948099  -0.34090496480665194445  0.023623325951879443896   -0.7662267398762991899  -0.47305444861753431773  -0.52348350741014260112  0.006189654034174751733    0.4542726761591188156
 -0.74207694642995070122  -0.71201515532558634636  -0.30555087961688615072  0.029659586010976679571  -0.75634278210931704667  -0.50618241897943649921  -0.51592925336496064936 0.0045230706329255901052   0.41786917501693487953
 -0.66093994128940802835  -0.72528428652864873616  -0.26943467292787687262  0.035970582100482692556  -0.74645420382922467173  -0.54015892358887007685  -0.50724055306260296128 0.0027339942916116523677   0.38426573741976033372
 -0.56996174199878346656  -0.73277934937496524981  -0.24358916836239391523  0.040359872324803390542  -0.72711845983286116368  -0.56954899554729954136  -0.50213068242313840805 0.0013869945972340715599   0.36503470086879852285
 -0.47873487606625697577  -0.72279469442656230083  -0.24323456495680720324  0.039792344890167564986  -0.69714360569454847383  -0.58419202020633242967  -0.50773876209726975794 0.0013458342968596488046   0.37201484482169022705
 -0.39710739865994870712  -0.70369169116237184625  -0.25728272574109983806  0.036467271787614337353  -0.66597861231548272087  -0.58938995798639182144  -0.51928696432203436117 0.0020519759228039284767   0.39338131075335169839
  -0.5272623950867972864   -0.6639037776028067217  -0.33276034947998012203  0.022071987184058047826  -0.71719211963948015232   -0.5360886643057464207  -0.55315020588859376005 0.0059501890450363451382   0.48227954024508740138
   -0.5272623950867972864    -0.6639037776028067217   -0.33276034947998012203   0.022071987184058047826   -0.71719211963948015232    -0.5360886643057464207   -0.55315020588859376005  0.0059501890450363451382    0.48227954024508740138
  -0.51217011594349048931   -0.62410327098883477959   -0.30070333245596680971   0.020234529522558889619   -0.78852734638398480627   -0.61064982649498800171   -0.63325075683298948093  0.0059655578593627639136     0.5296903684794035394
  -0.50277349197432230632   -0.58601218738191696023   -0.27306109617618445906   0.017960147265501678893   -0.85970295344250091674   -0.68279720654847608774   -0.71336631591547228215  0.0060071555775341569164    0.58596866714595186032
  -0.50096172334373001434   -0.55049572493837994891   -0.25200583547938748552   0.015108406013541573684   -0.92983005464389800743   -0.75107872311378987007   -0.79327668605224344045  0.0061124016921318812673    0.65310523506109519065
  -0.50972791958500274223   -0.51933280624691491312   -0.24113287907842920199   0.011492924991311291583   -0.99682266122243179396   -0.81274519813640744292   -0.87212381469214228513  0.0063468209886503408265    0.73411973831404420121
  -0.53368753853904793427   -0.49636023631958137159   -0.24639774465933042547  0.0069211785579558265588     -1.055521514548431794   -0.86221456980318100793   -0.94705653830093994294  0.0068184658985824212613    0.83289192185083116282
   -0.5775955891677418963     -0.488860148324286925   -0.27521309010291239439  0.0014882499210143447337    -1.0942254647244680221   -0.88923063388864687084    -1.0100501045849121784  0.0076442380651584483295    0.94998351934575453459
  -0.63782780354522261579   -0.50283469888521059588    -0.3265237855633141284 -0.0038459968707019818318    -1.0988120165606922729   -0.88528883890913157018    -1.0488321973217065164  0.0087412937596389531092     1.0715271462075957043
  -0.70248029705071224349   -0.53358693770776366438   -0.38746013567866588456 -0.0081249749423232403567    -1.0712706370219493568   -0.85658956903485872214     -1.061664652276539389    0.00982273013824399438     1.1804112410428191371