-0.55009 -0.65594 -0.66146 -0.30335 -0.36064 -0.36461
-0.43428 -0.65581 -0.64418 -0.24411 -0.37269 -0.35577
-0.44715 -0.66389 -0.61597 -0.2575 -0.3803 -0.34569
-0.46002 -0.67433 -0.58732 -0.27089 -0.38901 -0.33509
-0.47289 -0.68716 -0.55819 -0.28428 -0.39881 -0.32394
-0.48576 -0.70239 -0.52855 -0.29766 -0.40966 -0.31221
-0.49863 -0.72009 -0.49833 -0.31105 -0.42156 -0.29985
-0.5115 -0.74032 -0.46744 -0.32444 -0.43447 -0.28678
-0.61115 -0.6999 -0.54166 -0.3635 -0.39376 -0.32294
-0.61115 -0.6999 -0.54166 -0.3635 -0.39376 -0.32294
-0.54686 -0.6183 -0.45328 -0.5258 -0.56453 -0.49581
-0.49712 -0.54606 -0.37425 -0.69006 -0.73193 -0.66733
-0.47373 -0.49065 -0.31674 -0.85406 -0.88913 -0.83542
-0.51241 -0.47973 -0.32205 -0.99862 -1.0041 -0.98351
-0.64193 -0.56845 -0.44823 -1.0136 -0.9613 -1.0112
-0.76342 -0.68457 -0.58548 -0.92749 -0.82667 -0.941
-0.76342 -0.68457 -0.58548 -0.92749 -0.82667 -0.941
-0.87754 -0.60296 -0.57912 -1.0379 -0.80258 -0.9956
-0.89711 -0.6209 -0.4989 -1.0353 -0.75945 -0.91153
-0.89638 -0.6635 -0.43275 -1.0068 -0.71677 -0.81723
-0.87328 -0.73252 -0.39284 -0.94706 -0.67432 -0.71749
-0.85018 -0.80111 -0.36512 -0.88165 -0.62886 -0.62258
-0.83109 -0.8649 -0.3374 -0.81625 -0.57915 -0.52767
-0.79737 -0.92905 -0.44319 -0.72134 -0.53729 -0.5118
-0.79737 -0.92905 -0.44319 -0.72134 -0.53729 -0.5118
-0.69683 -1.0338 -0.39466 -0.74541 -0.68077 -0.54818
-0.61116 -0.934 -0.35952 -0.72409 -0.67853 -0.57528
-0.52313 -0.8342 -0.34104 -0.69822 -0.6763 -0.6108
-0.48297 -0.68873 -0.33512 -0.67353 -0.61924 -0.63544
-0.53689 -0.58778 -0.3325 -0.67244 -0.53318 -0.61857
-0.62082 -0.57524 -0.34416 -0.68288 -0.4778 -0.58908
-0.70295 -0.5627 -0.36873 -0.68993 -0.42242 -0.56608
-0.79225 -0.67005 -0.41842 -0.70507 -0.42955 -0.54224
-0.79225 -0.67005 -0.41842 -0.70507 -0.42955 -0.54224
-0.82321 -0.70139 -0.3409 -0.76623 -0.47305 -0.52348
-0.74208 -0.71202 -0.30555 -0.75634 -0.50618 -0.51593
-0.66094 -0.72528 -0.26943 -0.74645 -0.54016 -0.50724
-0.56996 -0.73278 -0.24359 -0.72712 -0.56955 -0.50213
-0.47873 -0.72279 -0.24323 -0.69714 -0.58419 -0.50774
-0.39711 -0.70369 -0.25728 -0.66598 -0.58939 -0.51929
-0.52726 -0.6639 -0.33276 -0.71719 -0.53609 -0.55315
-0.52726 -0.6639 -0.33276 -0.71719 -0.53609 -0.55315
-0.51217 -0.6241 -0.3007 -0.78853 -0.61065 -0.63325
-0.50277 -0.58601 -0.27306 -0.8597 -0.6828 -0.71337
-0.50096 -0.5505 -0.25201 -0.92983 -0.75108 -0.79328
-0.50973 -0.51933 -0.24113 -0.99682 -0.81275 -0.87212
-0.53369 -0.49636 -0.2464 -1.0555 -0.86221 -0.94706
-0.5776 -0.48886 -0.27521 -1.0942 -0.88923 -1.0101
-0.63783 -0.50283 -0.32652 -1.0988 -0.88529 -1.0488
-0.70248 -0.53359 -0.38746 -1.0713 -0.85659 -1.0617
